1.0 204 204 1 
 0.999 204 203 2 
 0.998 204 197 3 
 0.997 203 190 4 
 0.996 204 190 5 
 0.995 203 188 6 
 0.994 204 188 7 
 0.993 204 178 8 
 0.992 204 199 9 
 0.991 204 196 10 
 0.99 203 71 11 
 0.989 204 61 12 
 0.988 204 76 13 
 0.987 204 198 14 
 0.986 204 64 15 
 0.985 204 74 16 
 0.984 204 42 17 
 0.983 204 50 18 
 0.982 204 62 19 
 0.981 204 179 20 
 0.98 203 56 21 
 0.979 204 56 22 
 0.978 199 76 23 
 0.977 203 193 24 
 0.976 199 47 25 
 0.975 199 13 26 
 0.974 204 193 27 
 0.973 199 43 28 
 0.972 199 56 29 
 0.971 188 36 30 
 0.97 193 50 31 
 0.969 198 30 32 
 0.968 203 18 33 
 0.967 199 36 34 
 0.966 204 18 35 
 0.965 204 30 36 
 0.964 196 77 37 
 0.963 198 179 38 
 0.962 193 62 39 
 0.961 179 44 40 
 0.96 193 74 41 
 0.959 203 77 42 
 0.958 193 76 43 
 0.957 204 77 44 
 0.956 197 77 45 
 0.955 193 64 46 
 0.954 193 44 47 
 0.953 200 149 48 
 0.952 193 30 49 
 0.951 193 56 50 
 0.95 200 153 51 
 0.949 172 170 52 
 0.948 144 99 53 
 0.947 193 36 54 
 0.946 76 59 55 
 0.945 199 59 56 
 0.944 168 128 57 
 0.943 196 59 58 
 0.942 200 145 59 
 0.941 203 59 60 
 0.94 204 59 61 
 0.939 159 130 62 
 0.938 200 104 63 
 0.937 199 7 64 
 0.936 146 103 65 
 0.935 185 80 66 
 0.934 176 170 67 
 0.933 196 7 68 
 0.932 185 60 69 
 0.931 199 80 70 
 0.93 199 82 71 
 0.929 196 65 72 
 0.928 193 45 73 
 0.927 196 80 74 
 0.926 163 104 75 
 0.925 196 82 76 
 0.924 168 155 77 
 0.923 199 45 78 
 0.922 193 185 79 
 0.921 118 113 80 
 0.92 178 45 81 
 0.919 188 45 82 
 0.918 200 141 83 
 0.917 145 138 84 
 0.916 196 45 85 
 0.915 199 17 86 
 0.914 193 60 87 
 0.913 185 31 88 
 0.912 198 7 89 
 0.911 159 151 90 
 0.91 198 65 91 
 0.909 196 17 92 
 0.908 199 185 93 
 0.907 200 159 94 
 0.906 204 7 95 
 0.905 197 7 96 
 0.904 203 82 97 
 0.903 199 60 98 
 0.902 203 80 99 
 0.901 204 82 100 
 0.9 204 80 101 
 0.899 196 34 102 
 0.898 200 157 103 
 0.897 198 45 104 
 0.896 196 60 105 
 0.895 193 31 106 
 0.894 203 45 107 
 0.893 197 45 108 
 0.892 204 45 109 
 0.891 192 45 110 
 0.89 185 179 111 
 0.889 185 2 112 
 0.888 185 50 113 
 0.887 200 154 114 
 0.886 155 140 115 
 0.885 117 108 116 
 0.884 151 99 117 
 0.883 159 134 118 
 0.882 198 17 119 
 0.881 203 185 120 
 0.88 198 34 121 
 0.879 203 17 122 
 0.878 204 185 123 
 0.877 203 34 124 
 0.876 204 17 125 
 0.875 204 34 126 
 0.874 192 34 127 
 0.873 188 31 128 
 0.872 185 64 129 
 0.871 196 31 130 
 0.87 198 60 131 
 0.869 185 79 132 
 0.868 185 72 133 
 0.867 203 60 134 
 0.866 197 60 135 
 0.865 204 60 136 
 0.864 192 60 137 
 0.863 200 112 138 
 0.862 185 44 139 
 0.861 185 68 140 
 0.86 185 13 141 
 0.859 174 150 142 
 0.858 169 3 143 
 0.857 60 18 144 
 0.856 185 36 145 
 0.855 185 18 146 
 0.854 156 143 147 
 0.853 199 2 148 
 0.852 200 130 149 
 0.851 159 104 150 
 0.85 130 99 151 
 0.849 159 150 152 
 0.848 179 31 153 
 0.847 188 2 154 
 0.846 154 99 155 
 0.845 200 109 156 
 0.844 170 169 157 
 0.843 159 143 158 
 0.842 203 31 159 
 0.841 197 31 160 
 0.84 204 31 161 
 0.839 117 113 162 
 0.838 159 131 163 
 0.837 114 113 164 
 0.836 141 104 165 
 0.835 168 87 166 
 0.834 163 109 167 
 0.833 146 92 168 
 0.832 154 104 169 
 0.831 177 176 170 
 0.83 177 109 171 
 0.829 172 169 172 
 0.828 200 147 173 
 0.827 107 51 174 
 0.826 152 139 175 
 0.825 56 2 176 
 0.824 90 22 177 
 0.823 148 109 178 
 0.822 189 102 179 
 0.821 158 136 180 
 0.82 198 2 181 
 0.819 196 51 182 
 0.818 179 2 183 
 0.817 177 172 184 
 0.816 203 2 185 
 0.815 199 51 186 
 0.814 204 2 187 
 0.813 155 139 188 
 0.812 193 84 189 
 0.811 192 2 190 
 0.81 177 112 191 
 0.809 179 107 192 
 0.808 69 51 193 
 0.807 158 156 194 
 0.806 200 22 195 
 0.805 179 51 196 
 0.804 198 51 197 
 0.803 169 165 198 
 0.802 157 131 199 
 0.801 165 153 200 
 0.8 165 145 201 
 0.799 165 154 202 
 0.798 190 51 203 
 0.797 189 160 204 
 0.796 140 135 205 
 0.795 163 22 206 
 0.794 203 51 207 
 0.793 199 84 208 
 0.792 197 51 209 
 0.791 204 51 210 
 0.79 199 107 211 
 0.789 178 84 212 
 0.788 84 23 213 
 0.787 188 84 214 
 0.786 174 155 215 
 0.785 196 84 216 
 0.784 178 107 217 
 0.783 170 104 218 
 0.782 196 107 219 
 0.781 188 107 220 
 0.78 185 51 221 
 0.778 118 105 222 
 0.777 200 5 223 
 0.776 170 99 224 
 0.775 200 143 225 
 0.774 203 107 226 
 0.773 174 145 227 
 0.772 157 112 228 
 0.771 204 107 229 
 0.77 190 107 230 
 0.769 192 107 231 
 0.768 84 58 232 
 0.767 172 90 233 
 0.766 163 5 234 
 0.765 107 58 235 
 0.764 165 159 236 
 0.763 200 170 237 
 0.762 198 84 238 
 0.761 185 107 239 
 0.76 203 84 240 
 0.759 177 118 241 
 0.758 204 84 242 
 0.757 190 84 243 
 0.756 192 84 244 
 0.755 176 157 245 
 0.754 107 56 246 
 0.753 170 163 247 
 0.752 201 160 248 
 0.75 200 172 249 
 0.749 172 149 250 
 0.748 176 148 251 
 0.747 170 159 252 
 0.746 165 104 253 
 0.745 195 102 254 
 0.744 107 2 255 
 0.743 170 148 256 
 0.742 183 181 257 
 0.741 174 5 258 
 0.74 118 108 259 
 0.739 174 157 260 
 0.738 201 195 261 
 0.737 121 108 262 
 0.736 118 114 263 
 0.735 130 112 264 
 0.734 121 119 265 
 0.733 176 154 266 
 0.732 172 78 267 
 0.731 172 148 268 
 0.73 110 95 269 
 0.729 118 117 270 
 0.728 170 145 271 
 0.727 200 165 272 
 0.726 177 169 273 
 0.725 170 153 274 
 0.724 169 104 275 
 0.723 176 159 276 
 0.722 152 130 277 
 0.721 155 154 278 
 0.72 176 143 279 
 0.719 176 138 280 
 0.718 168 140 281 
 0.717 148 136 282 
 0.716 172 145 283 
 0.715 170 141 284 
 0.714 157 5 285 
 0.713 172 153 286 
 0.71 169 83 287 
 0.709 177 90 288 
 0.708 176 109 289 
 0.707 200 150 290 
 0.705 163 156 291 
 0.704 174 149 292 
 0.703 150 3 293 
 0.702 170 157 294 
 0.701 182 99 295 
 0.7 174 148 296 
 0.699 147 109 297 
 0.696 156 148 298 
 0.695 147 137 299 
 0.693 118 101 300 
 0.692 172 83 301 
 0.691 141 5 302 
 0.69 172 157 303 
 0.689 154 5 304 
 0.688 170 109 305 
 0.687 177 99 306 
 0.685 174 169 307 
 0.684 118 94 308 
 0.683 170 112 309 
 0.682 169 90 310 
 0.681 176 83 311 
 0.68 200 118 312 
 0.678 169 99 313 
 0.677 170 154 314 
 0.676 172 109 315 
 0.675 177 174 316 
 0.674 171 140 317 
 0.672 183 85 318 
 0.671 172 112 319 
 0.67 177 157 320 
 0.668 176 150 321 
 0.667 200 169 322 
 0.666 172 154 323 
 0.665 169 149 324 
 0.663 150 104 325 
 0.662 153 152 326 
 0.661 181 126 327 
 0.66 176 112 328 
 0.659 200 177 329 
 0.658 169 163 330 
 0.657 176 141 331 
 0.656 158 147 332 
 0.655 181 85 333 
 0.653 172 29 334 
 0.652 200 121 335 
 0.651 177 163 336 
 0.65 166 130 337 
 0.649 169 148 338 
 0.648 149 118 339 
 0.647 143 22 340 
 0.646 189 85 341 
 0.645 200 131 342 
 0.644 163 121 343 
 0.643 177 78 344 
 0.642 182 109 345 
 0.641 177 96 346 
 0.64 177 106 347 
 0.639 177 105 348 
 0.636 174 104 349 
 0.635 148 121 350 
 0.634 200 78 351 
 0.633 174 90 352 
 0.632 177 103 353 
 0.631 112 93 354 
 0.63 176 156 355 
 0.629 131 99 356 
 0.628 177 120 357 
 0.627 177 153 358 
 0.626 163 78 359 
 0.625 177 111 360 
 0.624 200 140 361 
 0.623 195 160 362 
 0.622 155 145 363 
 0.621 200 95 364 
 0.62 200 174 365 
 0.619 140 98 366 
 0.618 177 143 367 
 0.617 189 183 368 
 0.616 98 83 369 
 0.615 169 154 370 
 0.614 145 121 371 
 0.613 201 102 372 
 0.612 195 189 373 
 0.611 200 113 374 
 0.61 99 83 375 
 0.609 182 98 376 
 0.608 200 136 377 
 0.607 130 87 378 
 0.606 113 98 379 
 0.605 181 125 380 
 0.604 174 138 381 
 0.603 172 143 382 
 0.602 174 135 383 
 0.601 189 181 384 
 0.6 182 22 385 
 0.599 200 83 386 
 0.598 177 159 387 
 0.597 171 168 388 
 0.596 202 161 389 
 0.595 165 155 390 
 0.594 187 4 391 
 0.593 181 160 392 
 0.592 163 83 393 
 0.591 160 89 394 
 0.59 176 140 395 
 0.589 200 156 396 
 0.588 136 90 397 
 0.587 147 128 398 
 0.586 157 121 399 
 0.585 177 154 400 
 0.584 176 29 401 
 0.583 157 78 402 
 0.582 181 129 403 
 0.581 201 189 404 
 0.58 141 89 405 
 0.579 189 173 406 
 0.578 182 5 407 
 0.577 187 129 408 
 0.576 145 113 409 
 0.575 171 131 410 
 0.574 171 155 411 
 0.573 171 33 412 
 0.572 174 83 413 
 0.571 183 173 414 
 0.57 150 22 415 
 0.569 153 83 416 
 0.568 182 170 417 
 0.567 177 139 418 
 0.566 189 125 419 
 0.565 158 154 420 
 0.564 141 78 421 
 0.563 159 95 422 
 0.562 75 28 423 
 0.561 141 113 424 
 0.559 202 126 425 
 0.558 28 16 426 
 0.557 157 95 427 
 0.556 195 141 428 
 0.555 125 85 429 
 0.554 174 112 430 
 0.553 171 158 431 
 0.552 198 28 432 
 0.551 174 141 433 
 0.55 201 89 434 
 0.549 150 5 435 
 0.548 146 112 436 
 0.547 153 87 437 
 0.546 177 147 438 
 0.545 200 89 439 
 0.544 159 83 440 
 0.543 158 130 441 
 0.542 154 113 442 
 0.541 182 165 443 
 0.54 200 92 444 
 0.539 171 128 445 
 0.538 182 90 446 
 0.537 180 149 447 
 0.536 112 83 448 
 0.535 169 143 449 
 0.534 160 125 450 
 0.533 189 89 451 
 0.532 182 144 452 
 0.531 182 112 453 
 0.53 60 24 454 
 0.529 130 95 455 
 0.528 174 87 456 
 0.527 151 92 457 
 0.526 169 118 458 
 0.525 203 28 459 
 0.524 197 28 460 
 0.523 204 28 461 
 0.522 199 28 462 
 0.521 196 28 463 
 0.52 187 182 464 
 0.519 166 118 465 
 0.518 201 173 466 
 0.517 151 29 467 
 0.516 177 119 468 
 0.515 112 94 469 
 0.514 139 95 470 
 0.513 192 28 471 
 0.512 170 131 472 
 0.511 149 92 473 
 0.51 178 28 474 
 0.509 177 101 475 
 0.508 195 148 476 
 0.507 177 115 477 
 0.506 157 92 478 
 0.505 143 121 479 
 0.504 156 5 480 
 0.503 200 182 481 
 0.502 177 29 482 
 0.501 131 5 483 
 0.5 187 161 484 
 0.499 200 29 485 
 0.498 170 121 486 
 0.497 143 113 487 
 0.496 182 169 488 
 0.495 181 173 489 
 0.494 177 110 490 
 0.493 163 29 491 
 0.492 176 55 492 
 0.491 149 29 493 
 0.49 182 148 494 
 0.489 177 4 495 
 0.488 172 4 496 
 0.487 201 196 497 
 0.486 148 29 498 
 0.485 177 116 499 
 0.484 177 150 500 
 0.483 34 28 501 
 0.482 182 151 502 
 0.481 201 199 503 
 0.48 204 201 504 
 0.479 171 156 505 
 0.478 182 153 506 
 0.477 182 130 507 
 0.476 166 140 508 
 0.475 203 201 509 
 0.474 202 189 510 
 0.473 201 197 511 
 0.472 201 123 512 
 0.471 182 156 513 
 0.47 157 137 514 
 0.469 179 28 515 
 0.468 195 163 516 
 0.467 170 113 517 
 0.466 172 95 518 
 0.465 185 28 519 
 0.464 177 122 520 
 0.463 201 179 521 
 0.462 202 102 522 
 0.461 182 174 523 
 0.46 173 169 524 
 0.459 201 190 525 
 0.458 176 155 526 
 0.457 176 152 527 
 0.456 201 28 528 
 0.455 143 92 529 
 0.453 201 192 530 
 0.452 67 7 531 
 0.451 195 153 532 
 0.45 201 178 533 
 0.449 202 89 534 
 0.448 201 44 535 
 0.447 182 136 536 
 0.446 201 42 537 
 0.445 175 173 538 
 0.444 165 113 539 
 0.443 154 29 540 
 0.442 189 141 541 
 0.441 67 51 542 
 0.44 182 139 543 
 0.439 202 160 544 
 0.438 202 157 545 
 0.437 159 158 546 
 0.436 201 193 547 
 0.435 195 145 548 
 0.434 82 24 549 
 0.433 201 61 550 
 0.432 168 130 551 
 0.431 129 125 552 
 0.43 202 195 553 
 0.429 201 56 554 
 0.428 181 3 555 
 0.427 201 198 556 
 0.426 201 46 557 
 0.425 201 79 558 
 0.424 201 64 559 
 0.423 201 40 560 
 0.422 201 36 561 
 0.421 201 72 562 
 0.42 201 47 563 
 0.419 163 102 564 
 0.418 163 4 565 
 0.417 200 55 566 
 0.416 201 69 567 
 0.415 189 118 568 
 0.414 170 32 569 
 0.413 148 102 570 
 0.412 177 140 571 
 0.411 104 89 572 
 0.41 201 38 573 
 0.409 201 125 574 
 0.408 195 149 575 
 0.407 201 66 576 
 0.406 201 57 577 
 0.405 201 58 578 
 0.404 195 157 579 
 0.403 201 54 580 
 0.402 202 141 581 
 0.401 201 74 582 
 0.4 201 26 583 
 0.399 84 67 584 
 0.398 180 124 585 
 0.397 200 152 586 
 0.396 198 124 587 
 0.395 185 24 588 
 0.394 202 181 589 
 0.393 201 27 590 
 0.392 124 57 591 
 0.391 143 89 592 
 0.39 181 102 593 
 0.389 199 124 594 
 0.388 113 78 595 
 0.387 201 71 596 
 0.386 201 15 597 
 0.385 201 73 598 
 0.384 160 130 599 
 0.383 124 58 600 
 0.382 156 92 601 
 0.381 168 165 602 
 0.38 203 124 603 
 0.379 195 112 604 
 0.378 204 124 605 
 0.377 160 141 606 
 0.376 201 50 607 
 0.375 201 59 608 
 0.374 180 90 609 
 0.373 202 162 610 
 0.372 187 104 611 
 0.371 201 30 612 
 0.37 154 55 613 
 0.369 201 77 614 
 0.368 189 148 615 
 0.367 185 67 616 
 0.366 165 135 617 
 0.365 180 141 618 
 0.364 152 141 619 
 0.363 189 92 620 
 0.362 157 102 621 
 0.361 201 18 622 
 0.36 173 44 623 
 0.359 201 7 624 
 0.358 195 104 625 
 0.357 201 185 626 
 0.356 202 167 627 
 0.354 201 51 628 
 0.353 173 47 629 
 0.352 180 170 630 
 0.351 202 143 631 
 0.35 189 149 632 
 0.349 200 189 633 
 0.348 202 154 634 
 0.347 174 92 635 
 0.346 180 172 636 
 0.345 201 82 637 
 0.344 204 173 638 
 0.343 189 151 639 
 0.342 201 144 640 
 0.341 201 80 641 
 0.34 195 143 642 
 0.339 173 58 643 
 0.338 151 127 644 
 0.337 204 125 645 
 0.336 195 150 646 
 0.335 189 154 647 
 0.334 173 66 648 
 0.333 173 51 649 
 0.332 201 65 650 
 0.331 189 153 651 
 0.33 173 62 652 
 0.329 196 125 653 
 0.328 182 121 654 
 0.327 202 201 655 
 0.326 202 144 656 
 0.325 182 113 657 
 0.324 199 125 658 
 0.323 201 67 659 
 0.322 200 160 660 
 0.321 157 128 661 
 0.32 189 145 662 
 0.319 159 127 663 
 0.318 202 55 664 
 0.317 203 173 665 
 0.316 202 32 666 
 0.315 202 145 667 
 0.314 202 169 668 
 0.313 202 90 669 
 0.312 200 180 670 
 0.311 182 55 671 
 0.31 203 125 672 
 0.309 201 31 673 
 0.308 201 2 674 
 0.307 201 130 675 
 0.306 197 48 676 
 0.305 201 107 677 
 0.304 202 175 678 
 0.303 192 173 679 
 0.302 202 99 680 
 0.301 200 87 681 
 0.3 201 200 682 
 0.299 187 109 683 
 0.298 202 187 684 
 0.297 125 73 685 
 0.296 201 163 686 
 0.295 204 189 687 
 0.294 202 200 688 
 0.293 202 183 689 
 0.292 202 130 690 
 0.291 163 124 691 
 0.29 202 163 692 
 0.289 202 151 693 
 0.288 172 32 694 
 0.287 183 92 695 
 0.286 202 148 696 
 0.285 201 153 697 
 0.284 204 160 698 
 0.283 196 160 699 
 0.282 170 155 700 
 0.281 202 17 701 
 0.28 203 195 702 
 0.279 204 195 703 
 0.278 196 195 704 
 0.277 204 48 705 
 0.276 181 81 706 
 0.275 201 145 707 
 0.274 199 189 708 
 0.273 201 147 709 
 0.272 201 159 710 
 0.271 202 193 711 
 0.27 202 98 712 
 0.269 187 176 713 
 0.268 202 185 714 
 0.267 202 159 715 
 0.266 201 154 716 
 0.265 203 189 717 
 0.264 202 147 718 
 0.263 196 189 719 
 0.262 201 109 720 
 0.261 195 92 721 
 0.26 177 32 722 
 0.259 203 160 723 
 0.258 202 85 724 
 0.257 189 13 725 
 0.256 193 100 726 
 0.255 178 160 727 
 0.254 202 112 728 
 0.253 202 149 729 
 0.252 202 2 730 
 0.251 190 160 731 
 0.25 200 32 732 
 0.249 202 109 733 
 0.248 202 87 734 
 0.247 202 34 735 
 0.246 172 85 736 
 0.245 202 199 737 
 0.244 202 82 738 
 0.243 187 163 739 
 0.242 176 128 740 
 0.241 164 65 741 
 0.24 202 104 742 
 0.239 106 104 743 
 0.238 199 100 744 
 0.237 180 126 745 
 0.236 204 85 746 
 0.235 193 24 747 
 0.234 199 14 748 
 0.233 202 118 749 
 0.232 189 59 750 
 0.231 200 96 751 
 0.23 198 67 752 
 0.229 200 105 753 
 0.228 202 196 754 
 0.227 202 179 755 
 0.226 200 93 756 
 0.225 202 150 757 
 0.224 204 100 758 
 0.223 202 188 759 
 0.222 202 123 760 
 0.221 189 32 761 
 0.22 198 55 762 
 0.219 196 24 763 
 0.218 204 25 764 
 0.217 203 25 765 
 0.216 198 25 766 
 0.215 192 100 767 
 0.214 183 157 768 
 0.213 201 131 769 
 0.212 198 100 770 
 0.211 201 129 771 
 0.21 189 7 772 
 0.209 193 164 773 
 0.208 202 92 774 
 0.207 202 28 775 
 0.206 200 103 776 
 0.205 202 131 777 
 0.204 203 85 778 
 0.203 204 202 779 
 0.202 204 67 780 
 0.201 203 164 781 
 0.2 204 164 782 
 0.199 201 183 783 
 0.198 202 95 784 
 0.197 203 202 785 
 0.196 202 197 786 
 0.195 202 113 787 
 0.194 192 85 788 
 0.193 202 156 789 
 0.192 204 102 790 
 0.191 202 190 791 
 0.19 189 116 792 
 0.189 202 180 793 
 0.188 202 192 794 
 0.187 201 140 795 
 0.186 200 181 796 
 0.185 203 81 797 
 0.184 204 81 798 
 0.183 203 24 799 
 0.182 204 24 800 
 0.181 201 156 801 
 0.18 189 30 802 
 0.179 201 22 803 
 0.178 189 77 804 
 0.177 202 4 805 
 0.176 198 169 806 
 0.175 198 195 807 
 0.174 195 79 808 
 0.173 201 158 809 
 0.172 195 56 810 
 0.171 203 102 811 
 0.17 203 78 812 
 0.169 204 78 813 
 0.168 199 169 814 
 0.167 202 136 815 
 0.166 195 57 816 
 0.165 195 110 817 
 0.164 201 124 818 
 0.163 199 29 819 
 0.162 195 77 820 
 0.161 202 78 821 
 0.16 202 21 822 
 0.159 195 71 823 
 0.158 203 29 824 
 0.157 204 29 825 
 0.156 199 89 826 
 0.155 195 27 827 
 0.154 202 27 828 
 0.153 202 59 829 
 0.152 202 83 830 
 0.151 202 37 831 
 0.15 202 1 832 
 0.149 204 169 833 
 0.148 201 135 834 
 0.147 202 16 835 
 0.146 203 89 836 
 0.145 204 89 837 
 0.144 199 83 838 
 0.143 202 135 839 
 0.142 202 8 840 
 0.141 202 61 841 
 0.14 202 56 842 
 0.139 202 58 843 
 0.138 202 177 844 
 0.137 201 126 845 
 0.136 203 169 846 
 0.135 202 198 847 
 0.134 204 183 848 
 0.133 204 181 849 
 0.132 204 126 850 
 0.131 202 9 851 
 0.13 202 155 852 
 0.129 202 66 853 
 0.128 204 20 854 
 0.127 204 129 855 
 0.126 204 97 856 
 0.125 199 131 857 
 0.124 202 51 858 
 0.123 192 20 859 
 0.122 202 116 860 
 0.121 203 126 861 
 0.12 200 91 862 
 0.119 204 92 863 
 0.118 199 187 864 
 0.117 204 32 865 
 0.116 204 131 866 
 0.115 203 32 867 
 0.114 198 181 868 
 0.113 204 171 869 
 0.112 204 22 870 
 0.111 202 110 871 
 0.11 204 187 872 
 0.109 204 83 873 
 0.108 202 114 874 
 0.107 202 176 875 
 0.106 201 105 876 
 0.105 199 138 877 
 0.104 201 3 878 
 0.103 204 118 879 
 0.102 204 176 880 
 0.101 196 147 881 
 0.1 203 181 882 
 0.099 203 157 883 
 0.098 204 157 884 
 0.097 193 104 885 
 0.096 203 183 886 
 0.095 199 99 887 
 0.094 203 118 888 
 0.093 203 90 889 
 0.092 204 159 890 
 0.091 204 148 891 
 0.09 204 154 892 
 0.089 195 78 893 
 0.088 204 161 894 
 0.087 204 200 895 
 0.086 204 145 896 
 0.085 204 163 897 
 0.084 203 147 898 
 0.083 204 99 899 
 0.082 204 153 900 
 0.081 203 112 901 
 0.08 204 130 902 
 0.079 204 98 903 
 0.078 204 143 904 
 0.077 203 104 905 
 0.076 201 108 906 
 0.075 203 149 907 
 0.074 204 149 908 
 0.073 202 96 909 
 0.072 204 139 910 
 0.071 203 137 911 
 0.07 204 137 912 
 0.069 202 120 913 
 0.068 203 140 914 
 0.067 204 140 915 
 0.066 200 27 916 
 0.065 200 119 917 
 0.064 204 156 918 
 0.063 204 109 919 
 0.062 198 134 920 
 0.061 204 150 921 
 0.06 204 167 922 
 0.059 198 104 923 
 0.058 200 67 924 
 0.057 203 156 925 
 0.056 204 121 926 
 0.055 202 119 927 
 0.054 204 175 928 
 0.053 204 113 929 
 0.052 201 171 930 
 0.051 198 112 931 
 0.05 204 158 932 
 0.049 204 152 933 
 0.048 193 170 934 
 0.047 202 48 935 
 0.046 203 152 936 
 0.045 204 136 937 
 0.044 200 97 938 
 0.043 203 105 939 
 0.042 204 135 940 
 0.041 204 114 941 
 0.04 204 172 942 
 0.039 199 117 943 
 0.038 204 117 944 
 0.037 204 110 945 
 0.036 203 116 946 
 0.035 204 146 947 
 0.034 203 117 948 
 0.033 203 110 949 
 0.032 203 146 950 
 0.031 202 14 951 
 0.03 204 128 952 
 0.029 199 177 953 
 0.028 204 180 954 
 0.027 201 83 955 
 0.026 204 127 956 
 0.025 204 120 957 
 0.024 204 170 958 
 0.023 204 111 959 
 0.022 204 93 960 
 0.021 204 115 961 
 0.02 204 177 962 
 0.019 203 115 963 
 0.018 203 103 964 
 0.017 203 119 965 
 0.016 204 165 966 
 0.015 200 80 967 
 0.014 200 33 968 
 0.013 204 174 969 
 0.012 204 168 970 
 0.011 198 110 971 
 0.01 203 168 972 
 0.009 198 146 973 
 0.008 198 119 974 
 0.007 198 122 975 
 0.006 185 177 976 
 0.005 204 182 977 
 0.004 200 14 978 
 0.003 200 20 979 
 0.002 158 33 980 
 0.001 182 97 981 
 0.0 201 180 982 
 