centroid0 5.68131868132 5.62087912088 5.28021978022 
0.0 12.0 12.0 12.0 
1.0 12.0 12.0 11.0 
2.0 9.0 9.0 9.0 
3.0 0.0 0.0 0.0 
4.0 0.0 0.0 0.0 
5.0 0.0 0.0 0.0 
6.0 12.0 12.0 12.0 
7.0 10.0 10.0 9.0 
8.0 12.0 12.0 10.0 
9.0 12.0 12.0 13.0 
10.0 13.0 12.0 12.0 
11.0 12.0 12.0 12.0 
12.0 12.0 12.0 11.0 
13.0 12.0 12.0 12.0 
15.0 13.0 13.0 11.0 
16.0 12.0 12.0 12.0 
17.0 10.0 10.0 9.0 
18.0 10.0 10.0 8.0 
19.0 12.0 12.0 12.0 
21.0 12.0 13.0 11.0 
23.0 13.0 13.0 11.0 
25.0 0.0 1.0 1.0 
26.0 12.0 12.0 11.0 
27.0 12.0 12.0 10.0 
30.0 13.0 13.0 11.0 
31.0 10.0 10.0 9.0 
34.0 10.0 10.0 9.0 
35.0 12.0 12.0 12.0 
36.0 12.0 12.0 12.0 
37.0 12.0 12.0 11.0 
38.0 12.0 12.0 11.0 
39.0 12.0 12.0 12.0 
40.0 12.0 12.0 12.0 
41.0 12.0 12.0 12.0 
42.0 12.0 12.0 13.0 
43.0 12.0 12.0 12.0 
44.0 12.0 12.0 13.0 
45.0 10.0 10.0 9.0 
46.0 12.0 12.0 12.0 
47.0 12.0 12.0 12.0 
48.0 1.0 0.0 0.0 
49.0 12.0 12.0 12.0 
50.0 14.0 13.0 11.0 
51.0 3.0 3.0 3.0 
52.0 12.0 12.0 12.0 
53.0 12.0 12.0 12.0 
54.0 12.0 12.0 11.0 
55.0 1.0 0.0 1.0 
56.0 12.0 12.0 12.0 
57.0 13.0 13.0 12.0 
58.0 12.0 12.0 11.0 
59.0 12.0 12.0 11.0 
60.0 10.0 10.0 9.0 
61.0 12.0 12.0 12.0 
62.0 12.0 11.0 10.0 
63.0 12.0 12.0 12.0 
64.0 12.0 12.0 12.0 
65.0 10.0 10.0 9.0 
66.0 13.0 13.0 12.0 
68.0 13.0 13.0 13.0 
69.0 13.0 12.0 12.0 
70.0 12.0 12.0 12.0 
71.0 13.0 13.0 11.0 
72.0 12.0 12.0 12.0 
73.0 13.0 13.0 11.0 
74.0 13.0 13.0 11.0 
75.0 12.0 12.0 12.0 
76.0 12.0 12.0 12.0 
77.0 9.0 9.0 8.0 
79.0 12.0 12.0 12.0 
80.0 10.0 10.0 9.0 
82.0 11.0 10.0 10.0 
83.0 0.0 0.0 0.0 
84.0 10.0 10.0 9.0 
86.0 12.0 12.0 11.0 
87.0 0.0 0.0 0.0 
88.0 12.0 12.0 11.0 
89.0 0.0 0.0 0.0 
90.0 0.0 0.0 0.0 
91.0 0.0 0.0 0.0 
93.0 0.0 0.0 0.0 
94.0 0.0 0.0 0.0 
95.0 0.0 0.0 0.0 
96.0 0.0 0.0 0.0 
98.0 0.0 0.0 0.0 
99.0 0.0 0.0 0.0 
100.0 0.0 1.0 1.0 
101.0 0.0 0.0 0.0 
102.0 0.0 0.0 0.0 
103.0 0.0 0.0 0.0 
104.0 0.0 0.0 0.0 
106.0 0.0 0.0 0.0 
107.0 10.0 10.0 8.0 
108.0 0.0 0.0 0.0 
109.0 0.0 0.0 0.0 
110.0 0.0 0.0 0.0 
111.0 0.0 0.0 0.0 
112.0 0.0 0.0 0.0 
113.0 0.0 0.0 0.0 
114.0 0.0 0.0 0.0 
115.0 0.0 0.0 0.0 
116.0 0.0 0.0 0.0 
117.0 0.0 0.0 0.0 
118.0 0.0 0.0 0.0 
119.0 0.0 0.0 0.0 
120.0 0.0 0.0 0.0 
121.0 0.0 0.0 0.0 
122.0 0.0 0.0 0.0 
123.0 12.0 12.0 11.0 
124.0 2.0 0.0 1.0 
126.0 0.0 0.0 0.0 
127.0 0.0 0.0 0.0 
128.0 0.0 0.0 0.0 
129.0 0.0 0.0 0.0 
130.0 0.0 0.0 0.0 
131.0 1.0 0.0 0.0 
132.0 0.0 0.0 0.0 
133.0 0.0 0.0 0.0 
134.0 0.0 0.0 0.0 
135.0 0.0 0.0 0.0 
136.0 0.0 0.0 0.0 
137.0 0.0 0.0 0.0 
138.0 0.0 0.0 0.0 
139.0 0.0 0.0 0.0 
140.0 0.0 0.0 0.0 
141.0 0.0 0.0 0.0 
142.0 0.0 0.0 0.0 
143.0 0.0 0.0 0.0 
144.0 0.0 0.0 0.0 
145.0 0.0 0.0 0.0 
146.0 0.0 0.0 0.0 
147.0 0.0 0.0 0.0 
148.0 0.0 0.0 0.0 
149.0 0.0 0.0 0.0 
150.0 0.0 0.0 0.0 
151.0 0.0 0.0 0.0 
152.0 0.0 0.0 0.0 
153.0 0.0 0.0 0.0 
154.0 0.0 0.0 0.0 
155.0 0.0 1.0 0.0 
156.0 0.0 0.0 0.0 
157.0 0.0 0.0 0.0 
158.0 0.0 0.0 0.0 
159.0 0.0 0.0 0.0 
161.0 0.0 0.0 0.0 
162.0 0.0 0.0 0.0 
163.0 0.0 0.0 0.0 
164.0 1.0 0.0 1.0 
165.0 0.0 0.0 0.0 
166.0 0.0 0.0 0.0 
167.0 0.0 0.0 0.0 
168.0 0.0 0.0 0.0 
170.0 0.0 0.0 0.0 
171.0 1.0 0.0 0.0 
172.0 0.0 0.0 0.0 
174.0 0.0 0.0 0.0 
175.0 0.0 0.0 0.0 
177.0 0.0 0.0 0.0 
178.0 12.0 12.0 10.0 
179.0 9.0 9.0 8.0 
180.0 0.0 0.0 0.0 
181.0 0.0 0.0 0.0 
182.0 0.0 0.0 0.0 
183.0 0.0 0.0 0.0 
184.0 12.0 12.0 11.0 
185.0 12.0 10.0 9.0 
186.0 12.0 12.0 11.0 
187.0 0.0 0.0 0.0 
188.0 12.0 12.0 11.0 
190.0 13.0 12.0 11.0 
191.0 12.0 12.0 11.0 
192.0 13.0 13.0 11.0 
193.0 10.0 10.0 8.0 
194.0 12.0 12.0 11.0 
196.0 12.0 12.0 11.0 
197.0 12.0 12.0 11.0 
198.0 12.0 12.0 12.0 
199.0 11.0 11.0 10.0 
200.0 0.0 0.0 0.0 
202.0 0.0 0.0 0.0 
203.0 12.0 12.0 11.0 
204.0 12.0 12.0 11.0 
