centroid1,5.65574,5.5847,5.39344,0.19672,1.65027,1.16393,1.24044,1.44809,1.22951,
0.0,12.0,12.0,12.0,0.0,3.0,0.0,0.0,3.0,2.0,
1.0,12.0,12.0,11.0,0.0,3.0,0.0,0.0,3.0,2.0,
2.0,9.0,9.0,9.0,0.0,4.0,0.0,0.0,3.0,1.0,
3.0,0.0,0.0,0.0,0.0,0.0,0.0,3.0,0.0,1.0,
4.0,0.0,0.0,0.0,0.0,0.0,0.0,3.0,0.0,0.0,
5.0,0.0,0.0,0.0,0.0,0.0,0.0,3.0,0.0,0.0,
6.0,12.0,12.0,12.0,0.0,3.0,0.0,0.0,3.0,2.0,
7.0,10.0,10.0,9.0,0.0,4.0,0.0,1.0,3.0,2.0,
8.0,12.0,12.0,10.0,0.0,3.0,0.0,0.0,3.0,2.0,
9.0,12.0,12.0,13.0,0.0,3.0,0.0,0.0,3.0,2.0,
10.0,13.0,12.0,12.0,0.0,3.0,0.0,0.0,3.0,2.0,
11.0,12.0,12.0,12.0,0.0,3.0,0.0,0.0,3.0,2.0,
12.0,12.0,12.0,11.0,0.0,3.0,0.0,0.0,3.0,2.0,
13.0,12.0,12.0,12.0,0.0,3.0,0.0,0.0,3.0,4.0,
15.0,13.0,13.0,11.0,0.0,3.0,0.0,0.0,3.0,2.0,
16.0,12.0,12.0,12.0,0.0,3.0,0.0,1.0,3.0,2.0,
17.0,10.0,10.0,9.0,0.0,4.0,0.0,0.0,3.0,1.0,
18.0,10.0,10.0,8.0,0.0,3.0,0.0,0.0,3.0,1.0,
19.0,12.0,12.0,12.0,0.0,3.0,0.0,0.0,3.0,2.0,
20.0,0.0,0.0,1.0,0.0,10.0,0.0,0.0,0.0,0.0,
21.0,12.0,13.0,11.0,0.0,3.0,0.0,0.0,3.0,2.0,
22.0,0.0,0.0,1.0,0.0,0.0,0.0,3.0,0.0,0.0,
23.0,13.0,13.0,11.0,0.0,3.0,0.0,0.0,3.0,2.0,
24.0,0.0,0.0,1.0,0.0,1.0,0.0,0.0,0.0,0.0,
26.0,12.0,12.0,11.0,0.0,3.0,0.0,0.0,3.0,2.0,
27.0,12.0,12.0,10.0,0.0,3.0,0.0,2.0,3.0,2.0,
28.0,0.0,1.0,2.0,0.0,0.0,0.0,0.0,0.0,0.0,
29.0,0.0,0.0,1.0,0.0,0.0,0.0,4.0,0.0,0.0,
30.0,13.0,13.0,11.0,0.0,3.0,0.0,0.0,3.0,2.0,
31.0,10.0,10.0,9.0,0.0,4.0,0.0,0.0,3.0,1.0,
32.0,0.0,0.0,1.0,0.0,0.0,0.0,4.0,0.0,1.0,
33.0,0.0,0.0,1.0,0.0,0.0,0.0,1.0,0.0,3.0,
34.0,10.0,10.0,9.0,0.0,4.0,0.0,0.0,4.0,1.0,
35.0,12.0,12.0,12.0,0.0,3.0,0.0,0.0,3.0,2.0,
36.0,12.0,12.0,12.0,0.0,3.0,0.0,0.0,3.0,2.0,
37.0,12.0,12.0,11.0,0.0,3.0,0.0,1.0,3.0,2.0,
38.0,12.0,12.0,11.0,0.0,3.0,0.0,0.0,3.0,3.0,
39.0,12.0,12.0,12.0,0.0,3.0,0.0,0.0,3.0,2.0,
40.0,12.0,12.0,12.0,0.0,3.0,0.0,0.0,3.0,2.0,
41.0,12.0,12.0,12.0,0.0,3.0,0.0,0.0,3.0,2.0,
42.0,12.0,12.0,13.0,0.0,3.0,0.0,0.0,3.0,2.0,
43.0,12.0,12.0,12.0,0.0,3.0,0.0,0.0,3.0,2.0,
44.0,12.0,12.0,13.0,0.0,3.0,0.0,0.0,3.0,2.0,
45.0,10.0,10.0,9.0,0.0,4.0,0.0,0.0,3.0,1.0,
46.0,12.0,12.0,12.0,0.0,3.0,0.0,0.0,3.0,2.0,
47.0,12.0,12.0,12.0,0.0,3.0,0.0,0.0,3.0,2.0,
48.0,1.0,0.0,0.0,0.0,0.0,0.0,0.0,0.0,0.0,
49.0,12.0,12.0,12.0,0.0,3.0,0.0,0.0,3.0,2.0,
50.0,14.0,13.0,11.0,0.0,3.0,0.0,0.0,3.0,2.0,
51.0,3.0,3.0,3.0,0.0,2.0,0.0,0.0,0.0,0.0,
52.0,12.0,12.0,12.0,0.0,3.0,0.0,0.0,3.0,2.0,
53.0,12.0,12.0,12.0,0.0,3.0,0.0,0.0,3.0,2.0,
54.0,12.0,12.0,11.0,0.0,3.0,0.0,0.0,3.0,2.0,
55.0,1.0,0.0,1.0,0.0,1.0,0.0,3.0,0.0,0.0,
56.0,12.0,12.0,12.0,0.0,3.0,0.0,0.0,3.0,2.0,
57.0,13.0,13.0,12.0,0.0,3.0,0.0,1.0,4.0,2.0,
58.0,12.0,12.0,11.0,0.0,3.0,0.0,0.0,3.0,2.0,
59.0,12.0,12.0,11.0,0.0,3.0,0.0,0.0,3.0,2.0,
60.0,10.0,10.0,9.0,0.0,4.0,0.0,0.0,3.0,1.0,
61.0,12.0,12.0,12.0,0.0,3.0,0.0,0.0,3.0,3.0,
62.0,12.0,11.0,10.0,0.0,3.0,0.0,0.0,3.0,2.0,
63.0,12.0,12.0,12.0,0.0,3.0,0.0,0.0,3.0,2.0,
64.0,12.0,12.0,12.0,0.0,3.0,0.0,0.0,3.0,2.0,
65.0,10.0,10.0,9.0,0.0,4.0,0.0,2.0,3.0,1.0,
66.0,13.0,13.0,12.0,0.0,3.0,0.0,0.0,3.0,2.0,
67.0,0.0,0.0,1.0,0.0,0.0,0.0,0.0,0.0,0.0,
68.0,13.0,13.0,13.0,0.0,3.0,0.0,0.0,4.0,2.0,
69.0,13.0,12.0,12.0,0.0,3.0,0.0,0.0,3.0,2.0,
70.0,12.0,12.0,12.0,0.0,3.0,0.0,0.0,3.0,2.0,
71.0,13.0,13.0,11.0,0.0,3.0,0.0,0.0,3.0,2.0,
72.0,12.0,12.0,12.0,0.0,3.0,0.0,0.0,3.0,2.0,
73.0,13.0,13.0,11.0,0.0,3.0,0.0,0.0,3.0,2.0,
74.0,13.0,13.0,11.0,0.0,3.0,0.0,0.0,3.0,2.0,
75.0,12.0,12.0,12.0,0.0,3.0,0.0,0.0,3.0,2.0,
76.0,12.0,12.0,12.0,0.0,3.0,0.0,0.0,3.0,2.0,
77.0,9.0,9.0,8.0,0.0,3.0,0.0,0.0,3.0,1.0,
78.0,0.0,0.0,1.0,0.0,0.0,0.0,3.0,0.0,0.0,
79.0,12.0,12.0,12.0,0.0,3.0,0.0,0.0,3.0,2.0,
80.0,10.0,10.0,9.0,0.0,4.0,0.0,0.0,3.0,1.0,
81.0,0.0,0.0,1.0,0.0,0.0,0.0,0.0,0.0,0.0,
82.0,11.0,10.0,10.0,0.0,4.0,0.0,0.0,3.0,1.0,
83.0,0.0,0.0,0.0,0.0,3.0,0.0,3.0,0.0,0.0,
84.0,10.0,10.0,9.0,0.0,4.0,0.0,0.0,4.0,1.0,
85.0,0.0,0.0,1.0,0.0,0.0,0.0,0.0,0.0,4.0,
86.0,12.0,12.0,11.0,0.0,3.0,3.0,0.0,3.0,2.0,
87.0,0.0,0.0,0.0,0.0,0.0,3.0,0.0,0.0,0.0,
88.0,12.0,12.0,11.0,0.0,3.0,3.0,0.0,3.0,2.0,
89.0,0.0,0.0,0.0,0.0,0.0,3.0,0.0,0.0,0.0,
90.0,0.0,0.0,0.0,0.0,0.0,3.0,4.0,0.0,0.0,
92.0,0.0,0.0,1.0,8.0,0.0,3.0,4.0,0.0,3.0,
95.0,0.0,0.0,0.0,3.0,0.0,3.0,3.0,0.0,1.0,
97.0,1.0,0.0,2.0,0.0,0.0,3.0,0.0,0.0,5.0,
98.0,0.0,0.0,0.0,0.0,0.0,3.0,4.0,0.0,0.0,
99.0,0.0,0.0,0.0,0.0,0.0,3.0,5.0,0.0,0.0,
102.0,0.0,0.0,0.0,0.0,0.0,3.0,0.0,0.0,2.0,
104.0,0.0,0.0,0.0,0.0,0.0,3.0,6.0,0.0,1.0,
107.0,10.0,10.0,8.0,0.0,15.0,3.0,1.0,3.0,1.0,
109.0,0.0,0.0,0.0,3.0,0.0,3.0,5.0,0.0,0.0,
112.0,0.0,0.0,0.0,3.0,0.0,3.0,4.0,0.0,1.0,
113.0,0.0,0.0,0.0,6.0,0.0,3.0,3.0,0.0,0.0,
118.0,0.0,0.0,0.0,5.0,0.0,3.0,3.0,0.0,2.0,
121.0,0.0,0.0,0.0,5.0,0.0,3.0,3.0,0.0,0.0,
123.0,12.0,12.0,11.0,0.0,3.0,3.0,0.0,3.0,2.0,
124.0,2.0,0.0,1.0,0.0,0.0,0.0,2.0,0.0,0.0,
125.0,0.0,0.0,2.0,0.0,0.0,0.0,1.0,0.0,4.0,
126.0,0.0,0.0,0.0,0.0,0.0,0.0,0.0,0.0,1.0,
127.0,0.0,0.0,0.0,0.0,0.0,0.0,0.0,0.0,3.0,
128.0,0.0,0.0,0.0,0.0,0.0,0.0,1.0,0.0,1.0,
129.0,0.0,0.0,0.0,0.0,0.0,0.0,1.0,0.0,1.0,
130.0,0.0,0.0,0.0,0.0,0.0,3.0,3.0,0.0,0.0,
131.0,1.0,0.0,0.0,0.0,0.0,3.0,3.0,0.0,0.0,
132.0,0.0,0.0,0.0,0.0,0.0,3.0,3.0,0.0,0.0,
133.0,0.0,0.0,0.0,0.0,0.0,3.0,3.0,0.0,0.0,
134.0,0.0,0.0,0.0,0.0,0.0,3.0,3.0,0.0,0.0,
135.0,0.0,0.0,0.0,0.0,0.0,3.0,0.0,0.0,0.0,
136.0,0.0,0.0,0.0,0.0,0.0,3.0,5.0,0.0,0.0,
137.0,0.0,0.0,0.0,0.0,0.0,3.0,0.0,0.0,0.0,
138.0,0.0,0.0,0.0,0.0,0.0,3.0,3.0,0.0,0.0,
139.0,0.0,0.0,0.0,0.0,0.0,3.0,3.0,0.0,0.0,
140.0,0.0,0.0,0.0,0.0,0.0,3.0,3.0,0.0,0.0,
141.0,0.0,0.0,0.0,0.0,0.0,3.0,2.0,0.0,0.0,
142.0,0.0,0.0,0.0,0.0,0.0,3.0,3.0,0.0,0.0,
143.0,0.0,0.0,0.0,0.0,0.0,3.0,3.0,0.0,0.0,
144.0,0.0,0.0,0.0,0.0,0.0,3.0,3.0,0.0,0.0,
145.0,0.0,0.0,0.0,0.0,0.0,3.0,3.0,0.0,0.0,
147.0,0.0,0.0,0.0,0.0,0.0,3.0,3.0,0.0,1.0,
148.0,0.0,0.0,0.0,0.0,0.0,3.0,3.0,0.0,0.0,
149.0,0.0,0.0,0.0,0.0,0.0,3.0,3.0,0.0,0.0,
150.0,0.0,0.0,0.0,0.0,0.0,3.0,3.0,0.0,0.0,
151.0,0.0,0.0,0.0,0.0,0.0,3.0,3.0,0.0,0.0,
152.0,0.0,0.0,0.0,0.0,0.0,3.0,3.0,0.0,1.0,
153.0,0.0,0.0,0.0,0.0,0.0,3.0,3.0,0.0,0.0,
154.0,0.0,0.0,0.0,0.0,0.0,3.0,3.0,0.0,0.0,
155.0,0.0,1.0,0.0,0.0,0.0,3.0,3.0,0.0,0.0,
156.0,0.0,0.0,0.0,0.0,0.0,3.0,6.0,0.0,2.0,
157.0,0.0,0.0,0.0,0.0,0.0,3.0,3.0,0.0,0.0,
158.0,0.0,0.0,0.0,0.0,0.0,3.0,0.0,0.0,0.0,
159.0,0.0,0.0,0.0,0.0,0.0,3.0,3.0,0.0,0.0,
160.0,0.0,0.0,1.0,0.0,0.0,3.0,0.0,0.0,3.0,
161.0,0.0,0.0,0.0,0.0,0.0,0.0,0.0,0.0,0.0,
162.0,0.0,0.0,0.0,0.0,0.0,0.0,0.0,0.0,0.0,
163.0,0.0,0.0,0.0,0.0,0.0,3.0,3.0,0.0,0.0,
164.0,1.0,0.0,1.0,0.0,0.0,0.0,3.0,0.0,0.0,
165.0,0.0,0.0,0.0,0.0,0.0,0.0,3.0,0.0,0.0,
166.0,0.0,0.0,0.0,0.0,0.0,0.0,3.0,0.0,0.0,
167.0,0.0,0.0,0.0,0.0,0.0,0.0,1.0,0.0,2.0,
168.0,0.0,0.0,0.0,0.0,0.0,0.0,0.0,0.0,1.0,
169.0,0.0,0.0,1.0,0.0,0.0,0.0,3.0,0.0,2.0,
170.0,0.0,0.0,0.0,0.0,0.0,0.0,3.0,0.0,0.0,
171.0,1.0,0.0,0.0,0.0,0.0,0.0,0.0,0.0,0.0,
172.0,0.0,0.0,0.0,0.0,0.0,0.0,3.0,0.0,0.0,
173.0,0.0,0.0,2.0,0.0,0.0,0.0,0.0,0.0,3.0,
174.0,0.0,0.0,0.0,0.0,0.0,0.0,3.0,0.0,0.0,
175.0,0.0,0.0,0.0,0.0,0.0,0.0,0.0,0.0,0.0,
176.0,0.0,0.0,1.0,0.0,0.0,0.0,3.0,0.0,0.0,
177.0,0.0,0.0,0.0,3.0,0.0,0.0,3.0,0.0,0.0,
178.0,12.0,12.0,10.0,0.0,3.0,3.0,0.0,3.0,2.0,
179.0,9.0,9.0,8.0,0.0,3.0,3.0,0.0,3.0,1.0,
180.0,0.0,0.0,0.0,0.0,0.0,0.0,0.0,0.0,0.0,
181.0,0.0,0.0,0.0,0.0,0.0,0.0,1.0,0.0,2.0,
182.0,0.0,0.0,0.0,0.0,0.0,0.0,17.0,0.0,0.0,
183.0,0.0,0.0,0.0,0.0,0.0,0.0,0.0,0.0,4.0,
184.0,12.0,12.0,11.0,0.0,3.0,3.0,0.0,3.0,3.0,
185.0,12.0,10.0,9.0,0.0,4.0,3.0,0.0,3.0,1.0,
186.0,12.0,12.0,11.0,0.0,3.0,3.0,2.0,3.0,2.0,
187.0,0.0,0.0,0.0,0.0,0.0,0.0,1.0,0.0,0.0,
188.0,12.0,12.0,11.0,0.0,3.0,3.0,0.0,3.0,2.0,
189.0,0.0,0.0,1.0,0.0,0.0,3.0,0.0,0.0,4.0,
190.0,13.0,12.0,11.0,0.0,3.0,3.0,0.0,3.0,2.0,
191.0,12.0,12.0,11.0,0.0,3.0,3.0,0.0,3.0,2.0,
192.0,13.0,13.0,11.0,0.0,3.0,3.0,0.0,3.0,2.0,
193.0,10.0,10.0,8.0,0.0,3.0,3.0,0.0,3.0,1.0,
194.0,12.0,12.0,11.0,0.0,3.0,3.0,0.0,3.0,2.0,
195.0,0.0,0.0,1.0,0.0,0.0,3.0,0.0,0.0,0.0,
196.0,12.0,12.0,11.0,0.0,3.0,3.0,1.0,3.0,2.0,
197.0,12.0,12.0,11.0,0.0,3.0,3.0,0.0,3.0,2.0,
198.0,12.0,12.0,12.0,0.0,3.0,0.0,1.0,3.0,2.0,
199.0,11.0,11.0,10.0,0.0,3.0,3.0,0.0,3.0,2.0,
200.0,0.0,0.0,0.0,0.0,0.0,3.0,3.0,0.0,0.0,
201.0,0.0,0.0,4.0,0.0,0.0,3.0,0.0,0.0,1.0,
202.0,0.0,0.0,0.0,0.0,0.0,3.0,0.0,0.0,1.0,
203.0,12.0,12.0,11.0,0.0,3.0,3.0,0.0,3.0,2.0,
204.0,12.0,12.0,11.0,0.0,3.0,3.0,0.0,3.0,3.0,
