1.0 204 204 1 
 0.5 204 203 2 
 0.41421 204 197 3 
 0.36603 204 192 4 
 0.33333 203 190 5 
 0.30902 204 190 6 
 0.2899 204 188 7 
 0.27429 204 178 8 
 0.2612 203 196 9 
 0.25 204 196 10 
 0.24025 204 199 11 
 0.23166 204 58 12 
 0.22401 204 61 13 
 0.21713 204 76 14 
 0.2109 204 198 15 
 0.20521 204 69 16 
 0.2 204 72 17 
 0.19519 204 74 18 
 0.19074 204 42 19 
 0.18661 204 68 20 
 0.18274 204 16 21 
 0.17913 204 50 22 
 0.17573 204 27 23 
 0.17254 204 56 24 
 0.16952 199 1 25 
 0.16667 201 173 26 
 0.16396 201 189 27 
 0.16139 200 177 28 
 0.15894 201 67 29 
 0.15661 200 195 30 
 0.15439 201 162 31 
 0.15226 202 126 32 
 0.15022 203 193 33 
 0.14827 202 161 34 
 0.14639 201 175 35 
 0.14459 204 193 36 
 0.14286 202 102 37 
 0.14119 202 195 38 
 0.13958 203 179 39 
 0.13803 202 162 40 
 0.13653 201 180 41 
 0.13508 204 179 42 
 0.13368 203 30 43 
 0.13232 204 30 44 
 0.13101 202 141 45 
 0.12973 201 129 46 
 0.1285 204 18 47 
 0.1273 202 180 48 
 0.12613 202 183 49 
 0.125 201 176 50 
 0.1239 201 164 51 
 0.12283 202 201 52 
 0.12179 202 173 53 
 0.12077 202 48 54 
 0.11978 202 157 55 
 0.11882 201 159 56 
 0.11788 201 172 57 
 0.11696 203 77 58 
 0.11607 202 200 59 
 0.11519 202 163 60 
 0.11434 204 77 61 
 0.1135 202 145 62 
 0.11269 202 153 63 
 0.11189 202 3 64 
 0.11111 202 166 65 
 0.11035 202 98 66 
 0.1096 202 159 67 
 0.10887 202 5 68 
 0.10815 203 59 69 
 0.10745 204 59 70 
 0.10676 202 99 71 
 0.10609 202 165 72 
 0.10543 202 137 73 
 0.10478 202 147 74 
 0.10414 202 125 75 
 0.10352 202 177 76 
 0.1029 201 109 77 
 0.1023 202 143 78 
 0.10171 202 83 79 
 0.10113 201 128 80 
 0.10056 200 171 81 
 0.1 195 131 82 
 0.09945 201 150 83 
 0.09891 202 174 84 
 0.09838 202 104 85 
 0.09785 202 51 86 
 0.09734 201 118 87 
 0.09683 202 109 88 
 0.09633 195 95 89 
 0.09584 183 150 90 
 0.09536 202 171 91 
 0.09488 198 7 92 
 0.09441 193 60 93 
 0.09395 202 150 94 
 0.0935 203 7 95 
 0.09305 204 7 96 
 0.09261 189 95 97 
 0.09218 202 118 98 
 0.09175 203 80 99 
 0.09133 199 60 100 
 0.09091 202 55 101 
 0.0905 204 80 102 
 0.09009 203 82 103 
 0.0897 197 82 104 
 0.0893 201 95 105 
 0.08891 204 82 106 
 0.08853 196 34 107 
 0.08815 201 113 108 
 0.08778 203 45 109 
 0.08741 197 45 110 
 0.08705 196 60 111 
 0.08669 204 45 112 
 0.08633 202 29 113 
 0.08598 185 178 114 
 0.08564 193 31 115 
 0.0853 202 95 116 
 0.08496 202 140 117 
 0.08463 201 55 118 
 0.0843 202 113 119 
 0.08397 196 185 120 
 0.08365 179 59 121 
 0.08333 170 92 122 
 0.08302 201 158 123 
 0.08271 203 17 124 
 0.0824 201 4 125 
 0.0821 185 34 126 
 0.0818 204 17 127 
 0.0815 200 158 128 
 0.08121 203 34 129 
 0.08092 199 31 130 
 0.08063 189 92 131 
 0.08035 204 34 132 
 0.08007 172 156 133 
 0.07979 202 158 134 
 0.07952 190 34 135 
 0.07925 171 4 136 
 0.07898 174 92 137 
 0.07871 188 31 138 
 0.07845 201 92 139 
 0.07819 198 60 140 
 0.07793 203 60 141 
 0.07767 203 185 142 
 0.07742 197 185 143 
 0.07717 204 60 144 
 0.07692 204 185 145 
 0.07668 185 62 146 
 0.07643 190 60 147 
 0.07619 192 185 148 
 0.07596 185 6 149 
 0.07572 156 83 150 
 0.07549 192 60 151 
 0.07525 185 179 152 
 0.07503 175 92 153 
 0.0748 185 64 154 
 0.07457 202 136 155 
 0.07435 185 54 156 
 0.07413 185 79 157 
 0.07391 185 71 158 
 0.07369 185 73 159 
 0.07348 202 92 160 
 0.07326 198 185 161 
 0.07305 185 74 162 
 0.07284 185 61 163 
 0.07264 185 10 164 
 0.07243 195 156 165 
 0.07223 156 129 166 
 0.07202 188 2 167 
 0.07182 185 57 168 
 0.07163 120 91 169 
 0.07143 198 31 170 
 0.07123 203 31 171 
 0.07104 197 31 172 
 0.07085 152 148 173 
 0.07066 204 31 174 
 0.07047 185 9 175 
 0.07028 195 135 176 
 0.07009 201 156 177 
 0.06991 158 121 178 
 0.06973 156 67 179 
 0.06955 173 156 180 
 0.06937 192 31 181 
 0.06919 156 85 182 
 0.06901 176 135 183 
 0.06883 202 156 184 
 0.06866 182 109 185 
 0.06849 162 135 186 
 0.06831 158 95 187 
 0.06814 187 135 188 
 0.06797 181 135 189 
 0.06781 179 2 190 
 0.06764 114 111 191 
 0.06748 201 135 192 
 0.06731 156 81 193 
 0.06715 193 51 194 
 0.06699 156 4 195 
 0.06683 146 93 196 
 0.06667 146 96 197 
 0.06651 116 103 198 
 0.06635 200 152 199 
 0.0662 203 2 200 
 0.06604 197 2 201 
 0.06589 146 108 202 
 0.06573 204 2 203 
 0.06558 117 111 204 
 0.06543 182 98 205 
 0.06528 158 55 206 
 0.06514 170 135 207 
 0.06499 190 2 208 
 0.06484 166 135 209 
 0.0647 164 135 210 
 0.06455 114 105 211 
 0.06441 152 112 212 
 0.06427 114 92 213 
 0.06413 192 2 214 
 0.06398 170 152 215 
 0.06385 172 152 216 
 0.06371 182 90 217 
 0.06357 177 135 218 
 0.06343 182 112 219 
 0.0633 182 176 220 
 0.06316 182 22 221 
 0.06303 135 78 222 
 0.06289 182 5 223 
 0.06276 182 170 224 
 0.06263 182 172 225 
 0.0625 177 152 226 
 0.06237 182 165 227 
 0.06224 195 152 228 
 0.06186 182 177 229 
 0.06173 200 182 230 
 0.06161 182 169 231 
 0.06148 182 151 232 
 0.06136 182 78 233 
 0.06124 189 152 234 
 0.06112 159 155 235 
 0.06099 162 152 236 
 0.06087 182 174 237 
 0.06075 182 159 238 
 0.06064 182 149 239 
 0.06052 182 154 240 
 0.0604 182 139 241 
 0.06028 201 152 242 
 0.06017 183 152 243 
 0.06005 182 29 244 
 0.05994 117 108 245 
 0.05982 165 155 246 
 0.05971 182 147 247 
 0.0596 51 24 248 
 0.05937 182 124 249 
 0.05926 202 24 250 
 0.05915 126 24 251 
 0.05904 202 152 252 
 0.05893 201 179 253 
 0.05872 187 24 254 
 0.05861 182 156 255 
 0.0585 169 24 256 
 0.0584 152 113 257 
 0.05829 152 81 258 
 0.05819 182 150 259 
 0.05808 163 155 260 
 0.05798 181 24 261 
 0.05787 146 113 262 
 0.05777 193 84 263 
 0.05767 182 181 264 
 0.05757 187 182 265 
 0.05747 195 24 266 
 0.05737 89 24 267 
 0.05717 135 55 268 
 0.05707 155 3 269 
 0.05697 193 107 270 
 0.05687 141 32 271 
 0.05678 201 77 272 
 0.05668 182 131 273 
 0.05658 141 24 274 
 0.05649 189 24 275 
 0.05639 170 24 276 
 0.0563 201 24 277 
 0.0562 183 24 278 
 0.05611 164 24 279 
 0.05602 176 24 280 
 0.05592 199 107 281 
 0.05583 178 84 282 
 0.05574 182 113 283 
 0.05565 179 173 284 
 0.05556 195 179 285 
 0.05547 182 95 286 
 0.05537 182 55 287 
 0.05529 196 84 288 
 0.0552 182 125 289 
 0.05511 119 114 290 
 0.05502 189 179 291 
 0.05493 200 155 292 
 0.05484 188 107 293 
 0.05476 168 152 294 
 0.05467 174 24 295 
 0.05458 153 24 296 
 0.0545 118 110 297 
 0.05441 188 51 298 
 0.05433 179 67 299 
 0.05424 182 180 300 
 0.05416 202 32 301 
 0.05407 203 107 302 
 0.05399 203 51 303 
 0.05391 187 77 304 
 0.05383 204 107 305 
 0.05374 197 51 306 
 0.05366 202 77 307 
 0.05358 204 51 308 
 0.0535 172 155 309 
 0.05342 190 107 310 
 0.05334 183 182 311 
 0.05326 192 107 312 
 0.05318 177 155 313 
 0.0531 198 51 314 
 0.05302 200 32 315 
 0.05294 179 129 316 
 0.05286 198 84 317 
 0.05279 203 84 318 
 0.05271 197 84 319 
 0.05263 201 182 320 
 0.05255 204 84 321 
 0.05248 107 76 322 
 0.0524 182 85 323 
 0.05233 183 179 324 
 0.05225 181 32 325 
 0.05218 200 179 326 
 0.0521 195 155 327 
 0.05203 192 84 328 
 0.05195 190 51 329 
 0.05188 180 32 330 
 0.05181 185 107 331 
 0.05173 182 87 332 
 0.05166 187 155 333 
 0.05159 172 77 334 
 0.05151 202 182 335 
 0.05144 179 170 336 
 0.05137 182 171 337 
 0.0513 195 18 338 
 0.05123 179 149 339 
 0.05116 193 173 340 
 0.05109 201 155 341 
 0.05102 202 193 342 
 0.05095 193 67 343 
 0.05088 193 55 344 
 0.05081 193 189 345 
 0.05074 182 51 346 
 0.05067 200 77 347 
 0.0506 202 155 348 
 0.05053 202 18 349 
 0.05047 201 32 350 
 0.0504 179 177 351 
 0.05033 180 18 352 
 0.05027 193 164 353 
 0.0502 173 155 354 
 0.05007 193 102 355 
 0.05 183 18 356 
 0.04993 179 131 357 
 0.04987 179 118 358 
 0.0498 193 85 359 
 0.04974 193 187 360 
 0.04967 80 55 361 
 0.04961 193 161 362 
 0.04955 193 141 363 
 0.04948 155 4 364 
 0.04942 201 199 365 
 0.04936 193 180 366 
 0.04929 87 32 367 
 0.04923 193 22 368 
 0.04917 60 55 369 
 0.0491 59 51 370 
 0.04904 165 18 371 
 0.04898 104 77 372 
 0.04892 193 176 373 
 0.04886 179 4 374 
 0.0488 200 193 375 
 0.04873 193 163 376 
 0.04867 193 151 377 
 0.04861 200 18 378 
 0.04855 193 159 379 
 0.04849 199 28 380 
 0.04843 193 171 381 
 0.04837 193 172 382 
 0.04831 174 18 383 
 0.04826 193 149 384 
 0.0482 193 170 385 
 0.04814 199 124 386 
 0.04808 193 130 387 
 0.04802 155 92 388 
 0.04796 193 99 389 
 0.04791 193 165 390 
 0.04785 193 137 391 
 0.04779 193 139 392 
 0.04773 185 51 393 
 0.04768 193 112 394 
 0.04762 90 18 395 
 0.04756 121 77 396 
 0.04751 193 29 397 
 0.04745 193 177 398 
 0.04739 116 112 399 
 0.04734 199 125 400 
 0.04728 193 104 401 
 0.04723 193 174 402 
 0.04717 95 77 403 
 0.04712 193 143 404 
 0.04706 193 131 405 
 0.04701 199 173 406 
 0.04695 182 158 407 
 0.0469 201 62 408 
 0.04685 146 112 409 
 0.04679 177 110 410 
 0.04674 199 160 411 
 0.04668 201 178 412 
 0.04663 199 189 413 
 0.04658 168 158 414 
 0.04652 193 128 415 
 0.04647 124 27 416 
 0.04642 199 195 417 
 0.04637 201 7 418 
 0.04626 120 92 419 
 0.04621 146 109 420 
 0.04616 203 201 421 
 0.04611 199 67 422 
 0.04606 201 80 423 
 0.04601 204 201 424 
 0.04595 201 196 425 
 0.0459 201 27 426 
 0.04585 201 123 427 
 0.0458 178 124 428 
 0.04575 199 55 429 
 0.0457 199 164 430 
 0.04565 201 58 431 
 0.0456 199 78 432 
 0.0455 173 80 433 
 0.04545 199 89 434 
 0.04541 203 28 435 
 0.04536 201 54 436 
 0.04531 199 162 437 
 0.04526 201 12 438 
 0.04521 199 187 439 
 0.04516 204 28 440 
 0.04511 201 17 441 
 0.04507 201 37 442 
 0.04502 203 124 443 
 0.04497 201 26 444 
 0.04492 202 65 445 
 0.04488 201 45 446 
 0.04483 202 80 447 
 0.04478 204 124 448 
 0.04473 201 198 449 
 0.04469 199 176 450 
 0.04464 201 61 451 
 0.04459 202 17 452 
 0.04455 201 79 453 
 0.0445 179 156 454 
 0.04446 156 77 455 
 0.04441 204 125 456 
 0.04436 201 16 457 
 0.04432 201 40 458 
 0.04427 203 125 459 
 0.04423 201 36 460 
 0.04418 201 0 461 
 0.04414 204 173 462 
 0.04409 203 173 463 
 0.04405 199 154 464 
 0.044 202 45 465 
 0.04396 201 47 466 
 0.04391 202 178 467 
 0.04387 199 170 468 
 0.04383 204 189 469 
 0.04378 201 192 470 
 0.04374 201 42 471 
 0.04369 203 189 472 
 0.04365 204 160 473 
 0.04361 203 160 474 
 0.04356 202 167 475 
 0.04352 203 195 476 
 0.04348 197 160 477 
 0.04344 203 48 478 
 0.04339 200 91 479 
 0.04335 201 74 480 
 0.04331 204 195 481 
 0.04327 199 104 482 
 0.04322 204 48 483 
 0.04318 204 85 484 
 0.04314 202 8 485 
 0.0431 195 58 486 
 0.04305 203 85 487 
 0.04301 203 164 488 
 0.04297 202 34 489 
 0.04293 203 67 490 
 0.04289 202 196 491 
 0.04285 203 81 492 
 0.04281 204 164 493 
 0.04277 204 102 494 
 0.04273 204 67 495 
 0.04268 204 202 496 
 0.04264 204 81 497 
 0.0426 202 191 498 
 0.04256 200 62 499 
 0.04252 203 78 500 
 0.04248 201 66 501 
 0.04244 204 89 502 
 0.0424 203 181 503 
 0.04236 204 181 504 
 0.04232 204 126 505 
 0.04228 204 183 506 
 0.04224 204 187 507 
 0.04221 203 175 508 
 0.04217 204 169 509 
 0.04213 204 129 510 
 0.04209 202 37 511 
 0.04205 200 186 512 
 0.04201 204 175 513 
 0.04197 204 141 514 
 0.04193 203 55 515 
 0.0419 201 59 516 
 0.04186 200 110 517 
 0.04182 204 176 518 
 0.04178 204 180 519 
 0.04174 204 55 520 
 0.0417 203 200 521 
 0.04167 203 163 522 
 0.04163 203 151 523 
 0.04159 204 138 524 
 0.04155 203 159 525 
 0.04152 204 200 526 
 0.04148 204 163 527 
 0.04144 204 151 528 
 0.0414 204 5 529 
 0.04137 204 159 530 
 0.04133 204 145 531 
 0.04129 204 157 532 
 0.04126 204 172 533 
 0.04122 203 149 534 
 0.04118 203 99 535 
 0.04115 204 170 536 
 0.04111 204 147 537 
 0.04108 204 137 538 
 0.04104 204 149 539 
 0.041 204 99 540 
 0.04097 204 165 541 
 0.04093 202 0 542 
 0.0409 204 139 543 
 0.04086 203 177 544 
 0.04083 203 104 545 
 0.04079 200 114 546 
 0.04075 203 131 547 
 0.04072 204 104 548 
 0.04068 204 177 549 
 0.04065 203 143 550 
 0.04061 204 118 551 
 0.04058 204 131 552 
 0.04054 204 174 553 
 0.04051 203 109 554 
 0.04048 204 143 555 
 0.04044 200 146 556 
 0.04041 202 69 557 
 0.04037 204 128 558 
 0.04034 204 109 559 
 0.0403 202 42 560 
 0.04027 197 150 561 
 0.04024 200 79 562 
 0.0402 204 150 563 
 0.04017 200 21 564 
 0.04013 200 82 565 
 0.0401 202 9 566 
 0.04007 200 40 567 
 0.04003 203 4 568 
 0.04 200 36 569 
 0.03997 200 0 570 
 0.03993 203 121 571 
 0.0399 200 72 572 
 0.03987 204 4 573 
 0.03983 197 121 574 
 0.0398 200 47 575 
 0.03977 204 121 576 
 0.03974 202 30 577 
 0.0397 204 140 578 
 0.03967 204 95 579 
 0.03964 190 177 580 
 0.03961 202 59 581 
 0.03957 202 66 582 
 0.03954 203 113 583 
 0.03951 200 42 584 
 0.03948 200 74 585 
 0.03945 200 73 586 
 0.03941 202 57 587 
 0.03938 204 113 588 
 0.03935 198 150 589 
 0.03932 196 92 590 
 0.03929 190 128 591 
 0.03925 187 30 592 
 0.03922 181 30 593 
 0.03919 200 9 594 
 0.03916 204 92 595 
 0.03913 203 158 596 
 0.0391 170 57 597 
 0.03907 192 174 598 
 0.03904 197 158 599 
 0.03901 199 135 600 
 0.03897 204 158 601 
 0.03894 198 121 602 
 0.03891 185 169 603 
 0.03888 198 140 604 
 0.03885 192 128 605 
 0.03882 167 118 606 
 0.03879 198 95 607 
 0.03876 192 150 608 
 0.03873 200 57 609 
 0.0387 200 66 610 
 0.03867 202 68 611 
 0.03864 190 95 612 
 0.03861 187 185 613 
 0.03858 198 113 614 
 0.03855 200 50 615 
 0.03852 185 141 616 
 0.03849 200 59 617 
 0.03846 192 4 618 
 0.03843 203 136 619 
 0.0384 185 181 620 
 0.03837 192 121 621 
 0.03834 197 136 622 
 0.03831 198 92 623 
 0.03829 204 136 624 
 0.03826 186 156 625 
 0.03823 192 95 626 
 0.0382 185 180 627 
 0.03817 178 156 628 
 0.03814 200 30 629 
 0.03811 190 158 630 
 0.03808 158 146 631 
 0.03805 190 92 632 
 0.03803 198 158 633 
 0.038 185 183 634 
 0.03797 203 24 635 
 0.03794 200 185 636 
 0.03791 185 163 637 
 0.03788 186 24 638 
 0.03786 200 68 639 
 0.03783 204 24 640 
 0.0378 151 68 641 
 0.03777 185 170 642 
 0.03774 185 145 643 
 0.03771 185 130 644 
 0.03769 185 172 645 
 0.03766 203 156 646 
 0.03763 204 156 647 
 0.0376 199 152 648 
 0.03758 197 156 649 
 0.03755 198 24 650 
 0.03752 193 155 651 
 0.03749 167 158 652 
 0.03747 185 139 653 
 0.03744 155 18 654 
 0.03741 190 136 655 
 0.03738 167 92 656 
 0.03736 185 118 657 
 0.03733 193 182 658 
 0.0373 167 136 659 
 0.03728 158 74 660 
 0.03725 185 177 661 
 0.03722 185 104 662 
 0.0372 190 24 663 
 0.03717 156 12 664 
 0.03714 203 135 665 
 0.03712 150 30 666 
 0.03709 156 1 667 
 0.03706 197 135 668 
 0.03704 192 136 669 
 0.03701 204 135 670 
 0.03698 198 156 671 
 0.03696 120 109 672 
 0.03693 185 150 673 
 0.03691 24 15 674 
 0.03688 152 117 675 
 0.03685 185 140 676 
 0.03683 113 50 677 
 0.03678 199 32 678 
 0.03675 156 34 679 
 0.03672 156 146 680 
 0.0367 190 156 681 
 0.03667 156 61 682 
 0.03665 136 73 683 
 0.03662 192 24 684 
 0.0366 185 121 685 
 0.03657 156 79 686 
 0.03655 201 107 687 
 0.03652 156 21 688 
 0.0365 158 57 689 
 0.03647 140 68 690 
 0.03644 158 59 691 
 0.03642 185 95 692 
 0.03639 156 82 693 
 0.03637 156 0 694 
 0.03634 192 156 695 
 0.03632 156 72 696 
 0.0363 201 84 697 
 0.03627 190 135 698 
 0.03625 156 47 699 
 0.03622 167 24 700 
 0.0362 198 135 701 
 0.03617 152 8 702 
 0.03615 158 30 703 
 0.03612 121 103 704 
 0.0361 156 74 705 
 0.03607 182 27 706 
 0.03605 136 66 707 
 0.03603 173 84 708 
 0.036 156 69 709 
 0.03598 203 152 710 
 0.03595 174 127 711 
 0.03593 202 84 712 
 0.0359 204 152 713 
 0.03588 192 135 714 
 0.03586 191 152 715 
 0.03583 177 96 716 
 0.03581 169 84 717 
 0.03579 171 127 718 
 0.03574 185 92 719 
 0.03569 173 107 720 
 0.03567 195 107 721 
 0.03564 135 74 722 
 0.03562 182 7 723 
 0.0356 202 107 724 
 0.03557 168 143 725 
 0.03555 152 12 726 
 0.03553 189 107 727 
 0.0355 135 10 728 
 0.03548 199 155 729 
 0.03546 177 105 730 
 0.03543 185 136 731 
 0.03541 199 182 732 
 0.03539 164 107 733 
 0.03537 186 32 734 
 0.03534 195 84 735 
 0.03532 186 182 736 
 0.0353 196 32 737 
 0.03527 171 84 738 
 0.03525 198 152 739 
 0.03523 185 32 740 
 0.03521 175 84 741 
 0.03518 188 32 742 
 0.03516 161 107 743 
 0.03514 190 152 744 
 0.03512 123 32 745 
 0.03509 197 32 746 
 0.03507 203 32 747 
 0.03505 152 60 748 
 0.03503 152 79 749 
 0.035 204 32 750 
 0.03498 180 84 751 
 0.03496 191 32 752 
 0.03494 180 107 753 
 0.03492 198 32 754 
 0.03489 47 32 755 
 0.03487 200 107 756 
 0.03485 163 107 757 
 0.03483 192 152 758 
 0.03481 152 72 759 
 0.03478 159 107 760 
 0.03476 182 62 761 
 0.03474 171 107 762 
 0.03472 182 117 763 
 0.0347 185 156 764 
 0.03468 182 80 765 
 0.03465 170 107 766 
 0.03463 84 3 767 
 0.03461 155 7 768 
 0.03459 196 182 769 
 0.03457 152 31 770 
 0.03455 182 37 771 
 0.03453 155 65 772 
 0.0345 185 135 773 
 0.03448 159 84 774 
 0.03446 182 8 775 
 0.03444 178 155 776 
 0.03442 87 84 777 
 0.0344 200 84 778 
 0.03438 177 107 779 
 0.03436 151 84 780 
 0.03434 190 32 781 
 0.03431 153 84 782 
 0.03429 182 178 783 
 0.03427 182 17 784 
 0.03425 186 155 785 
 0.03423 198 182 786 
 0.03421 182 167 787 
 0.03419 157 84 788 
 0.03417 118 107 789 
 0.03413 150 107 790 
 0.03411 196 155 791 
 0.03409 182 58 792 
 0.03407 203 155 793 
 0.03405 167 77 794 
 0.03403 182 1 795 
 0.034 197 155 796 
 0.03398 182 114 797 
 0.03396 204 155 798 
 0.03394 155 123 799 
 0.03392 203 182 800 
 0.0339 152 50 801 
 0.03388 118 84 802 
 0.03386 197 182 803 
 0.03382 204 182 804 
 0.0338 182 123 805 
 0.03378 155 110 806 
 0.03376 107 14 807 
 0.03374 193 117 808 
 0.03372 155 1 809 
 0.0337 193 91 810 
 0.03368 182 34 811 
 0.03366 101 92 812 
 0.03364 150 84 813 
 0.03362 152 30 814 
 0.0336 165 127 815 
 0.03359 168 153 816 
 0.03357 182 76 817 
 0.03355 168 151 818 
 0.03353 182 60 819 
 0.03351 182 53 820 
 0.03349 185 152 821 
 0.03347 182 79 822 
 0.03345 198 155 823 
 0.03343 182 21 824 
 0.03341 182 82 825 
 0.03339 155 34 826 
 0.03337 182 56 827 
 0.03335 190 155 828 
 0.03333 182 36 829 
 0.03331 182 39 830 
 0.0333 155 46 831 
 0.03328 182 72 832 
 0.03326 182 74 833 
 0.03324 182 146 834 
 0.03322 190 182 835 
 0.0332 155 64 836 
 0.03316 155 40 837 
 0.03314 182 31 838 
 0.03312 192 155 839 
 0.03311 182 71 840 
 0.03309 182 44 841 
 0.03307 155 72 842 
 0.03305 182 15 843 
 0.03303 182 69 844 
 0.03301 182 73 845 
 0.03299 182 10 846 
 0.03298 193 110 847 
 0.03296 195 122 848 
 0.03294 167 7 849 
 0.03292 158 84 850 
 0.0329 193 167 851 
 0.03288 189 122 852 
 0.03286 182 9 853 
 0.03285 168 3 854 
 0.03283 176 168 855 
 0.03281 120 98 856 
 0.03279 200 120 857 
 0.03277 163 120 858 
 0.03276 181 122 859 
 0.03274 201 122 860 
 0.03272 159 120 861 
 0.0327 149 120 862 
 0.03268 167 65 863 
 0.03266 162 122 864 
 0.03265 183 122 865 
 0.03263 193 116 866 
 0.03261 154 120 867 
 0.03259 122 67 868 
 0.03257 182 66 869 
 0.03256 144 96 870 
 0.03254 170 120 871 
 0.03252 180 122 872 
 0.0325 200 122 873 
 0.03249 200 96 874 
 0.03247 202 122 875 
 0.03245 182 59 876 
 0.03243 155 57 877 
 0.03242 169 120 878 
 0.0324 153 93 879 
 0.03238 193 146 880 
 0.03236 159 122 881 
 0.03235 167 17 882 
 0.03233 159 93 883 
 0.03231 199 117 884 
 0.03229 157 122 885 
 0.03228 149 122 886 
 0.03226 176 93 887 
 0.03224 182 30 888 
 0.03222 176 122 889 
 0.03221 172 122 890 
 0.03219 172 96 891 
 0.03217 200 105 892 
 0.03215 181 120 893 
 0.03214 169 93 894 
 0.03212 169 96 895 
 0.0321 200 111 896 
 0.03209 181 168 897 
 0.03207 189 120 898 
 0.03205 181 127 899 
 0.03203 168 161 900 
 0.03202 183 127 901 
 0.032 168 48 902 
 0.03198 106 98 903 
 0.03197 176 105 904 
 0.03195 174 96 905 
 0.03193 201 120 906 
 0.03192 183 168 907 
 0.0319 170 105 908 
 0.03188 185 182 909 
 0.03187 189 127 910 
 0.03185 181 93 911 
 0.03183 185 155 912 
 0.03182 173 127 913 
 0.0318 195 93 914 
 0.03178 195 96 915 
 0.03177 187 93 916 
 0.03175 202 120 917 
 0.03173 189 168 918 
 0.03172 167 60 919 
 0.0317 201 168 920 
 0.03168 180 96 921 
 0.03167 199 167 922 
 0.03165 189 96 923 
 0.03164 169 127 924 
 0.03162 167 82 925 
 0.0316 201 93 926 
 0.03159 202 127 927 
 0.03157 183 96 928 
 0.03155 144 108 929 
 0.03154 201 127 930 
 0.03152 202 168 931 
 0.03151 181 111 932 
 0.03149 200 108 933 
 0.03147 163 108 934 
 0.03146 201 105 935 
 0.03144 173 96 936 
 0.03142 202 93 937 
 0.03141 202 96 938 
 0.03139 200 127 939 
 0.03138 181 106 940 
 0.03136 162 111 941 
 0.03134 127 78 942 
 0.03133 176 108 943 
 0.03131 173 105 944 
 0.0313 201 111 945 
 0.03128 183 111 946 
 0.03127 199 114 947 
 0.03125 186 91 948 
 0.03123 203 117 949 
 0.03122 204 117 950 
 0.0312 105 81 951 
 0.03119 197 117 952 
 0.03117 196 91 953 
 0.03116 191 117 954 
 0.03114 199 146 955 
 0.03112 202 111 956 
 0.03111 201 106 957 
 0.03109 195 108 958 
 0.03108 175 106 959 
 0.03106 174 108 960 
 0.03105 171 93 961 
 0.03103 187 108 962 
 0.03102 108 83 963 
 0.031 180 108 964 
 0.03099 128 93 965 
 0.03097 189 108 966 
 0.03096 152 84 967 
 0.03094 202 106 968 
 0.03092 178 110 969 
 0.03091 201 108 970 
 0.03089 183 108 971 
 0.03088 126 108 972 
 0.03086 178 167 973 
 0.03083 168 29 974 
 0.03082 136 111 975 
 0.0308 167 47 976 
 0.03079 111 55 977 
 0.03077 173 108 978 
 0.03076 171 111 979 
 0.03074 202 108 980 
 0.03073 167 1 981 
 0.03071 167 38 982 
 0.0307 128 111 983 
 0.03068 190 117 984 
 0.03067 186 110 985 
 0.03065 203 110 986 
 0.03064 204 110 987 
 0.03062 196 110 988 
 0.03061 198 91 989 
 0.03059 203 167 990 
 0.03058 204 167 991 
 0.03056 137 108 992 
 0.03055 197 167 993 
 0.03054 117 13 994 
 0.03052 195 94 995 
 0.03051 181 94 996 
 0.03049 156 122 997 
 0.03048 192 117 998 
 0.03046 189 94 999 
 0.03045 167 117 1000 
 0.03043 178 146 1001 
 0.03042 204 116 1002 
 0.0304 203 116 1003 
 0.03039 171 108 1004 
 0.03038 196 116 1005 
 0.03036 197 116 1006 
 0.03035 201 94 1007 
 0.03033 200 94 1008 
 0.03032 167 79 1009 
 0.0303 204 114 1010 
 0.03029 203 114 1011 
 0.03027 167 64 1012 
 0.03026 180 94 1013 
 0.03025 197 114 1014 
 0.03023 196 114 1015 
 0.03022 191 114 1016 
 0.0302 167 0 1017 
 0.03019 176 94 1018 
 0.03017 203 146 1019 
 0.03016 204 146 1020 
 0.03015 165 94 1021 
 0.03013 202 94 1022 
 0.03012 139 94 1023 
 0.0301 191 146 1024 
 0.03009 196 146 1025 
 0.03008 190 167 1026 
 0.03006 198 110 1027 
 0.03005 167 71 1028 
 0.03003 167 44 1029 
 0.03002 167 110 1030 
 0.03001 168 92 1031 
 0.02999 167 69 1032 
 0.02998 174 94 1033 
 0.02996 167 10 1034 
 0.02995 182 93 1035 
 0.02994 192 110 1036 
 0.02992 182 84 1037 
 0.02991 114 1 1038 
 0.0299 190 116 1039 
 0.02988 192 167 1040 
 0.02987 167 9 1041 
 0.02984 167 116 1042 
 0.02983 158 106 1043 
 0.02981 116 76 1044 
 0.0298 198 116 1045 
 0.02979 190 114 1046 
 0.02977 171 94 1047 
 0.02976 146 26 1048 
 0.02975 128 94 1049 
 0.02972 198 114 1050 
 0.0297 192 116 1051 
 0.02969 182 105 1052 
 0.02968 190 146 1053 
 0.02966 155 84 1054 
 0.02965 167 66 1055 
 0.02964 200 103 1056 
 0.02962 163 103 1057 
 0.02961 167 57 1058 
 0.0296 192 114 1059 
 0.02958 198 146 1060 
 0.02957 149 103 1061 
 0.02956 167 59 1062 
 0.02954 185 117 1063 
 0.02953 159 103 1064 
 0.02952 146 60 1065 
 0.0295 182 106 1066 
 0.02949 192 146 1067 
 0.02948 176 103 1068 
 0.02946 167 146 1069 
 0.02945 170 103 1070 
 0.02944 172 103 1071 
 0.02942 146 0 1072 
 0.02941 165 103 1073 
 0.0294 146 72 1074 
 0.02939 169 103 1075 
 0.02937 135 93 1076 
 0.02936 146 47 1077 
 0.02935 116 2 1078 
 0.02933 114 69 1079 
 0.02932 116 9 1080 
 0.02931 114 31 1081 
 0.02929 119 95 1082 
 0.02928 152 105 1083 
 0.02927 167 68 1084 
 0.02926 174 103 1085 
 0.02924 146 15 1086 
 0.02923 146 69 1087 
 0.02922 187 25 1088 
 0.0292 179 25 1089 
 0.02919 182 111 1090 
 0.02918 181 25 1091 
 0.02917 181 103 1092 
 0.02915 158 94 1093 
 0.02914 136 94 1094 
 0.02913 195 103 1095 
 0.02911 195 25 1096 
 0.0291 187 103 1097 
 0.02909 180 25 1098 
 0.02908 85 25 1099 
 0.02905 185 110 1100 
 0.02904 124 103 1101 
 0.02903 189 103 1102 
 0.02901 160 25 1103 
 0.02899 201 25 1104 
 0.02898 201 103 1105 
 0.02896 189 25 1106 
 0.02895 166 25 1107 
 0.02894 164 25 1108 
 0.02893 182 108 1109 
 0.02891 172 25 1110 
 0.0289 124 25 1111 
 0.02889 169 25 1112 
 0.02888 116 30 1113 
 0.02886 173 103 1114 
 0.02885 146 57 1115 
 0.02884 202 103 1116 
 0.02883 156 94 1117 
 0.02881 185 116 1118 
 0.02879 87 25 1119 
 0.02878 202 25 1120 
 0.02877 177 25 1121 
 0.02875 148 25 1122 
 0.02874 174 25 1123 
 0.02873 153 25 1124 
 0.02872 185 114 1125 
 0.0287 103 4 1126 
 0.02869 145 25 1127 
 0.02868 171 25 1128 
 0.02866 168 77 1129 
 0.02864 185 146 1130 
 0.02862 167 84 1131 
 0.02861 157 25 1132 
 0.0286 147 25 1133 
 0.02857 139 25 1134 
 0.02856 146 68 1135 
 0.02855 171 103 1136 
 0.02854 193 25 1137 
 0.02852 179 122 1138 
 0.0285 155 120 1139 
 0.02849 80 25 1140 
 0.02848 115 112 1141 
 0.02846 104 25 1142 
 0.02845 120 24 1143 
 0.02844 156 103 1144 
 0.02842 182 122 1145 
 0.0284 115 109 1146 
 0.02838 109 25 1147 
 0.02836 143 25 1148 
 0.02835 155 96 1149 
 0.02833 155 93 1150 
 0.02832 29 25 1151 
 0.02831 135 94 1152 
 0.02825 82 25 1153 
 0.02824 155 122 1154 
 0.02823 45 25 1155 
 0.02821 122 77 1156 
 0.02818 121 25 1157 
 0.02816 131 25 1158 
 0.02815 93 24 1159 
 0.02814 155 105 1160 
 0.02811 93 32 1161 
 0.0281 96 32 1162 
 0.02809 140 25 1163 
 0.02808 177 115 1164 
 0.02806 179 120 1165 
 0.02805 182 168 1166 
 0.02801 119 109 1167 
 0.028 122 32 1168 
 0.02799 117 107 1169 
 0.02798 155 106 1170 
 0.02797 177 101 1171 
 0.02796 182 127 1172 
 0.02792 179 168 1173 
 0.02791 34 25 1174 
 0.0279 158 25 1175 
 0.02788 193 122 1176 
 0.02787 122 18 1177 
 0.02786 179 127 1178 
 0.02784 60 25 1179 
 0.02782 179 105 1180 
 0.02781 111 32 1181 
 0.0278 120 77 1182 
 0.02778 179 96 1183 
 0.02777 179 93 1184 
 0.02773 31 25 1185 
 0.02772 177 119 1186 
 0.0277 199 25 1187 
 0.02769 182 103 1188 
 0.02768 155 108 1189 
 0.02767 168 32 1190 
 0.02766 108 24 1191 
 0.02765 136 25 1192 
 0.02762 168 18 1193 
 0.02761 110 107 1194 
 0.0276 179 111 1195 
 0.02759 167 107 1196 
 0.02758 182 94 1197 
 0.02757 105 77 1198 
 0.02753 96 77 1199 
 0.02752 127 18 1200 
 0.02751 193 120 1201 
 0.02747 120 18 1202 
 0.02745 179 106 1203 
 0.02741 116 107 1204 
 0.02736 111 77 1205 
 0.02735 25 8 1206 
 0.02732 193 168 1207 
 0.02731 114 107 1208 
 0.02729 179 108 1209 
 0.02728 193 105 1210 
 0.02726 54 25 1211 
 0.02725 94 24 1212 
 0.02724 193 96 1213 
 0.02723 193 93 1214 
 0.02722 146 107 1215 
 0.02721 106 77 1216 
 0.02718 58 25 1217 
 0.02717 25 1 1218 
 0.02714 135 25 1219 
 0.02712 116 84 1220 
 0.0271 25 12 1221 
 0.02708 203 25 1222 
 0.02706 108 77 1223 
 0.02705 204 25 1224 
 0.02704 114 84 1225 
 0.02703 191 25 1226 
 0.02702 123 25 1227 
 0.027 196 25 1228 
 0.02698 146 84 1229 
 0.02694 193 106 1230 
 0.02693 198 25 1231 
 0.02691 61 25 1232 
 0.02689 79 25 1233 
 0.02687 25 21 1234 
 0.02686 64 25 1235 
 0.02685 185 25 1236 
 0.02684 40 25 1237 
 0.02683 39 25 1238 
 0.02682 47 25 1239 
 0.02681 25 0 1240 
 0.02679 193 108 1241 
 0.02678 108 18 1242 
 0.02674 190 25 1243 
 0.02671 44 25 1244 
 0.0267 94 77 1245 
 0.02669 25 15 1246 
 0.02668 199 120 1247 
 0.02666 74 25 1248 
 0.02665 73 25 1249 
 0.02664 25 10 1250 
 0.02661 178 122 1251 
 0.0266 192 25 1252 
 0.02659 122 62 1253 
 0.02656 199 127 1254 
 0.02655 199 105 1255 
 0.02654 199 168 1256 
 0.0265 122 80 1257 
 0.02648 122 65 1258 
 0.02646 199 96 1259 
 0.02645 199 93 1260 
 0.02644 203 122 1261 
 0.02643 204 122 1262 
 0.02641 197 122 1263 
 0.0264 155 103 1264 
 0.02639 191 122 1265 
 0.02638 196 122 1266 
 0.02637 50 25 1267 
 0.02636 168 62 1268 
 0.02633 122 17 1269 
 0.02632 30 25 1270 
 0.02631 127 62 1271 
 0.02629 199 111 1272 
 0.02627 168 65 1273 
 0.02625 122 38 1274 
 0.02624 120 27 1275 
 0.02623 178 120 1276 
 0.02622 103 32 1277 
 0.02621 168 8 1278 
 0.0262 105 65 1279 
 0.02619 199 106 1280 
 0.02618 127 65 1281 
 0.02617 179 100 1282 
 0.02616 127 117 1283 
 0.02615 105 62 1284 
 0.02614 160 115 1285 
 0.02613 115 102 1286 
 0.02612 127 91 1287 
 0.02611 168 17 1288 
 0.0261 190 122 1289 
 0.02609 178 105 1290 
 0.02608 196 120 1291 
 0.02607 203 120 1292 
 0.02605 168 58 1293 
 0.02604 204 120 1294 
 0.02603 182 25 1295 
 0.02602 191 120 1296 
 0.02601 162 115 1297 
 0.026 196 105 1298 
 0.02599 201 115 1299 
 0.02598 195 101 1300 
 0.02597 181 101 1301 
 0.02596 168 37 1302 
 0.02595 204 127 1303 
 0.02594 204 105 1304 
 0.02593 129 115 1305 
 0.02592 197 105 1306 
 0.02591 204 168 1307 
 0.0259 196 96 1308 
 0.02589 201 101 1309 
 0.02588 159 115 1310 
 0.02587 175 101 1311 
 0.02586 202 115 1312 
 0.02585 168 34 1313 
 0.02584 203 96 1314 
 0.02583 203 93 1315 
 0.02582 204 96 1316 
 0.02581 204 93 1317 
 0.0258 191 96 1318 
 0.02579 191 93 1319 
 0.02578 168 60 1320 
 0.02577 198 127 1321 
 0.02576 120 60 1322 
 0.02575 202 101 1323 
 0.02574 176 101 1324 
 0.02573 198 105 1325 
 0.02572 196 111 1326 
 0.02571 189 119 1327 
 0.0257 203 111 1328 
 0.02569 174 115 1329 
 0.02568 204 111 1330 
 0.02567 181 100 1331 
 0.02566 191 111 1332 
 0.02565 196 106 1333 
 0.02564 201 119 1334 
 0.02563 190 105 1335 
 0.02562 203 106 1336 
 0.02561 204 106 1337 
 0.0256 200 119 1338 
 0.02559 197 106 1339 
 0.02558 168 15 1340 
 0.02557 191 106 1341 
 0.02556 202 100 1342 
 0.02555 168 42 1343 
 0.02554 167 93 1344 
 0.02553 190 96 1345 
 0.02552 190 93 1346 
 0.02551 202 119 1347 
 0.0255 193 103 1348 
 0.02549 196 108 1349 
 0.02548 154 100 1350 
 0.02547 172 100 1351 
 0.02546 157 100 1352 
 0.02545 203 108 1353 
 0.02544 147 100 1354 
 0.02543 204 108 1355 
 0.02542 122 30 1356 
 0.02541 192 96 1357 
 0.0254 198 106 1358 
 0.02539 190 111 1359 
 0.02538 115 29 1360 
 0.02537 143 119 1361 
 0.02536 171 100 1362 
 0.02535 174 100 1363 
 0.02534 122 68 1364 
 0.02533 167 111 1365 
 0.02532 168 57 1366 
 0.02531 190 106 1367 
 0.0253 178 94 1368 
 0.02529 167 106 1369 
 0.02528 192 111 1370 
 0.02527 150 100 1371 
 0.02526 106 64 1372 
 0.02525 120 59 1373 
 0.02524 128 119 1374 
 0.02523 128 100 1375 
 0.02522 158 115 1376 
 0.02521 198 108 1377 
 0.0252 168 30 1378 
 0.02519 192 106 1379 
 0.02518 111 31 1380 
 0.02517 127 30 1381 
 0.02516 131 100 1382 
 0.02515 204 94 1383 
 0.02514 196 94 1384 
 0.02513 197 94 1385 
 0.02512 168 68 1386 
 0.02511 191 94 1387 
 0.0251 123 94 1388 
 0.02509 199 100 1389 
 0.02508 106 23 1390 
 0.02507 108 40 1391 
 0.02506 120 68 1392 
 0.02505 136 101 1393 
 0.02504 192 108 1394 
 0.02503 185 127 1395 
 0.02502 106 9 1396 
 0.02501 119 4 1397 
 0.02499 108 74 1398 
 0.02498 185 168 1399 
 0.02497 119 55 1400 
 0.02496 111 66 1401 
 0.02495 108 44 1402 
 0.02494 185 105 1403 
 0.02493 156 115 1404 
 0.02492 111 50 1405 
 0.02491 108 10 1406 
 0.0249 185 96 1407 
 0.02489 198 94 1408 
 0.02486 199 103 1409 
 0.02485 93 68 1410 
 0.02484 106 50 1411 
 0.02483 156 101 1412 
 0.02481 136 100 1413 
 0.0248 167 94 1414 
 0.02479 94 82 1415 
 0.02478 100 62 1416 
 0.02477 185 111 1417 
 0.02476 192 94 1418 
 0.02475 94 72 1419 
 0.02473 178 100 1420 
 0.02472 106 30 1421 
 0.0247 135 115 1422 
 0.02469 108 50 1423 
 0.02468 108 59 1424 
 0.02467 106 68 1425 
 0.02466 185 106 1426 
 0.02465 156 119 1427 
 0.02464 94 73 1428 
 0.02463 94 10 1429 
 0.02462 186 100 1430 
 0.02461 203 100 1431 
 0.0246 185 100 1432 
 0.02459 204 100 1433 
 0.02458 196 100 1434 
 0.02457 191 100 1435 
 0.02456 123 100 1436 
 0.02455 185 108 1437 
 0.02453 100 58 1438 
 0.02451 108 68 1439 
 0.02449 100 38 1440 
 0.02448 178 103 1441 
 0.02447 186 103 1442 
 0.02446 100 37 1443 
 0.02445 103 80 1444 
 0.02443 100 26 1445 
 0.02442 94 50 1446 
 0.02441 167 25 1447 
 0.02439 196 103 1448 
 0.02438 135 119 1449 
 0.02436 198 100 1450 
 0.02435 203 103 1451 
 0.02434 190 100 1452 
 0.02433 100 61 1453 
 0.02432 204 103 1454 
 0.02431 191 103 1455 
 0.0243 123 103 1456 
 0.02429 100 56 1457 
 0.02428 185 94 1458 
 0.02427 103 58 1459 
 0.02426 110 25 1460 
 0.02425 192 100 1461 
 0.02424 100 72 1462 
 0.02423 103 54 1463 
 0.02422 103 1 1464 
 0.02421 122 84 1465 
 0.02418 100 74 1466 
 0.02417 103 26 1467 
 0.02416 120 107 1468 
 0.02415 198 103 1469 
 0.02414 100 73 1470 
 0.02413 116 25 1471 
 0.02412 103 16 1472 
 0.0241 167 103 1473 
 0.02408 190 103 1474 
 0.02407 114 25 1475 
 0.02406 152 100 1476 
 0.02405 103 79 1477 
 0.02404 168 84 1478 
 0.02403 146 25 1479 
 0.02401 168 107 1480 
 0.024 107 93 1481 
 0.02399 115 24 1482 
 0.02398 192 103 1483 
 0.02397 127 84 1484 
 0.02396 103 47 1485 
 0.02395 100 30 1486 
 0.02394 103 74 1487 
 0.02393 100 50 1488 
 0.02392 100 59 1489 
 0.02391 103 71 1490 
 0.0239 182 101 1491 
 0.02389 103 69 1492 
 0.02388 103 73 1493 
 0.02387 111 107 1494 
 0.02385 105 84 1495 
 0.02382 103 9 1496 
 0.02381 96 84 1497 
 0.0238 107 106 1498 
 0.02376 100 32 1499 
 0.02375 179 115 1500 
 0.02372 182 119 1501 
 0.02371 103 66 1502 
 0.0237 111 84 1503 
 0.02369 182 100 1504 
 0.02368 108 107 1505 
 0.02367 103 59 1506 
 0.02366 179 101 1507 
 0.02363 155 115 1508 
 0.0236 115 77 1509 
 0.02358 103 30 1510 
 0.02355 185 103 1511 
 0.02354 100 84 1512 
 0.02352 103 68 1513 
 0.0235 108 84 1514 
 0.02347 179 119 1515 
 0.02345 101 32 1516 
 0.02341 155 119 1517 
 0.0234 107 94 1518 
 0.02338 193 115 1519 
 0.02335 155 100 1520 
 0.02332 119 77 1521 
 0.02331 14 7 1522 
 0.02329 193 101 1523 
 0.02328 80 14 1524 
 0.02327 94 84 1525 
 0.02326 65 14 1526 
 0.02324 179 14 1527 
 0.02319 17 14 1528 
 0.02318 168 122 1529 
 0.02314 119 18 1530 
 0.02313 127 122 1531 
 0.02312 193 119 1532 
 0.02311 55 14 1533 
 0.02304 18 14 1534 
 0.02301 97 34 1535 
 0.02297 193 14 1536 
 0.02296 34 14 1537 
 0.02293 168 120 1538 
 0.02292 199 115 1539 
 0.02291 31 14 1540 
 0.02283 199 101 1541 
 0.02281 168 93 1542 
 0.0228 168 96 1543 
 0.02279 107 103 1544 
 0.02273 127 105 1545 
 0.02272 168 105 1546 
 0.0227 115 7 1547 
 0.02269 173 14 1548 
 0.02268 127 111 1549 
 0.02267 187 14 1550 
 0.02266 199 119 1551 
 0.02265 161 14 1552 
 0.02264 195 14 1553 
 0.02263 115 65 1554 
 0.02262 178 115 1555 
 0.02261 201 14 1556 
 0.0226 183 14 1557 
 0.02259 160 14 1558 
 0.02258 169 14 1559 
 0.02257 189 14 1560 
 0.02256 164 14 1561 
 0.02255 176 14 1562 
 0.02254 178 101 1563 
 0.02253 199 14 1564 
 0.02252 186 115 1565 
 0.02251 204 115 1566 
 0.0225 197 115 1567 
 0.02249 115 45 1568 
 0.02248 191 115 1569 
 0.02247 200 14 1570 
 0.02246 177 14 1571 
 0.02245 174 14 1572 
 0.02244 186 101 1573 
 0.02243 204 101 1574 
 0.02242 197 101 1575 
 0.02241 154 14 1576 
 0.0224 191 101 1577 
 0.02239 157 14 1578 
 0.02238 178 119 1579 
 0.02237 185 14 1580 
 0.02236 128 14 1581 
 0.02235 119 80 1582 
 0.02234 119 27 1583 
 0.02233 101 12 1584 
 0.02232 168 94 1585 
 0.02231 198 115 1586 
 0.0223 115 61 1587 
 0.02229 115 46 1588 
 0.02228 186 119 1589 
 0.02227 204 119 1590 
 0.02226 197 119 1591 
 0.02225 115 40 1592 
 0.02224 191 119 1593 
 0.02223 198 101 1594 
 0.02222 119 58 1595 
 0.02221 167 101 1596 
 0.0222 101 79 1597 
 0.02219 189 97 1598 
 0.02218 121 14 1599 
 0.02217 131 14 1600 
 0.02216 203 14 1601 
 0.02215 192 101 1602 
 0.02214 204 14 1603 
 0.02213 191 14 1604 
 0.02212 114 100 1605 
 0.0221 115 9 1606 
 0.02209 198 14 1607 
 0.02208 198 119 1608 
 0.02207 190 119 1609 
 0.02206 125 97 1610 
 0.02205 167 119 1611 
 0.02204 158 14 1612 
 0.02203 119 64 1613 
 0.02202 122 25 1614 
 0.02201 119 56 1615 
 0.022 192 119 1616 
 0.02199 119 72 1617 
 0.02198 171 33 1618 
 0.02197 119 47 1619 
 0.02196 190 14 1620 
 0.02195 71 14 1621 
 0.02194 119 71 1622 
 0.02193 119 31 1623 
 0.02192 136 14 1624 
 0.02191 138 97 1625 
 0.0219 192 14 1626 
 0.02189 97 67 1627 
 0.02187 202 97 1628 
 0.02186 169 97 1629 
 0.02184 102 97 1630 
 0.02183 173 97 1631 
 0.02182 66 14 1632 
 0.02181 185 101 1633 
 0.0218 201 97 1634 
 0.02179 195 97 1635 
 0.02178 181 97 1636 
 0.02177 168 103 1637 
 0.02176 119 50 1638 
 0.02175 127 25 1639 
 0.02174 156 14 1640 
 0.02173 97 78 1641 
 0.02171 84 14 1642 
 0.0217 141 97 1643 
 0.02169 187 97 1644 
 0.02168 126 97 1645 
 0.02167 135 14 1646 
 0.02166 185 119 1647 
 0.02165 200 97 1648 
 0.02164 163 97 1649 
 0.02163 134 97 1650 
 0.02162 164 97 1651 
 0.02161 151 97 1652 
 0.0216 176 97 1653 
 0.02159 172 97 1654 
 0.02158 165 97 1655 
 0.02157 157 97 1656 
 0.02156 139 97 1657 
 0.02155 104 97 1658 
 0.02154 51 20 1659 
 0.02153 177 97 1660 
 0.02152 174 97 1661 
 0.02149 171 97 1662 
 0.02148 128 97 1663 
 0.02147 143 97 1664 
 0.02146 150 97 1665 
 0.02143 152 14 1666 
 0.02141 33 31 1667 
 0.0214 97 95 1668 
 0.02139 131 97 1669 
 0.02138 55 33 1670 
 0.02135 140 97 1671 
 0.02134 97 29 1672 
 0.02133 113 97 1673 
 0.02132 97 24 1674 
 0.02128 94 25 1675 
 0.02126 97 92 1676 
 0.02125 158 97 1677 
 0.02123 115 107 1678 
 0.02117 33 29 1679 
 0.02116 107 101 1680 
 0.02115 136 97 1681 
 0.0211 55 20 1682 
 0.02109 182 14 1683 
 0.02107 156 97 1684 
 0.02103 119 107 1685 
 0.02099 140 33 1686 
 0.02094 119 84 1687 
 0.02091 155 14 1688 
 0.02087 159 33 1689 
 0.02086 199 97 1690 
 0.02085 97 32 1691 
 0.02081 33 24 1692 
 0.02079 202 33 1693 
 0.02075 126 20 1694 
 0.02073 152 97 1695 
 0.02072 97 7 1696 
 0.02069 24 20 1697 
 0.02068 189 33 1698 
 0.02067 193 97 1699 
 0.02066 197 97 1700 
 0.02065 173 20 1701 
 0.02064 173 33 1702 
 0.02063 195 20 1703 
 0.02062 129 20 1704 
 0.02061 170 33 1705 
 0.0206 201 20 1706 
 0.02059 80 20 1707 
 0.02058 188 97 1708 
 0.02057 172 20 1709 
 0.02056 196 97 1710 
 0.02055 189 20 1711 
 0.02054 202 20 1712 
 0.02053 166 33 1713 
 0.02052 177 20 1714 
 0.02051 200 20 1715 
 0.0205 174 20 1716 
 0.02049 171 20 1717 
 0.02048 159 20 1718 
 0.02047 179 20 1719 
 0.02046 204 97 1720 
 0.02045 139 20 1721 
 0.02044 203 97 1722 
 0.02043 186 97 1723 
 0.02042 191 97 1724 
 0.02041 97 21 1725 
 0.0204 127 115 1726 
 0.02039 181 33 1727 
 0.02038 143 20 1728 
 0.02037 168 101 1729 
 0.02036 183 33 1730 
 0.02035 187 33 1731 
 0.02034 169 33 1732 
 0.02033 160 33 1733 
 0.02032 195 33 1734 
 0.02031 125 33 1735 
 0.0203 198 97 1736 
 0.02029 201 33 1737 
 0.02028 176 33 1738 
 0.02027 172 33 1739 
 0.02026 140 20 1740 
 0.02025 168 119 1741 
 0.02024 155 97 1742 
 0.02023 200 33 1743 
 0.02022 177 33 1744 
 0.02021 167 14 1745 
 0.0202 158 20 1746 
 0.02019 154 33 1747 
 0.02018 185 97 1748 
 0.02017 149 33 1749 
 0.02016 139 33 1750 
 0.02015 128 33 1751 
 0.02014 97 30 1752 
 0.02013 82 33 1753 
 0.02012 110 14 1754 
 0.02011 109 33 1755 
 0.0201 136 20 1756 
 0.02009 97 66 1757 
 0.02008 143 33 1758 
 0.02007 150 33 1759 
 0.02006 108 100 1760 
 0.02005 116 14 1761 
 0.02002 121 33 1762 
 0.02001 114 14 1763 
 0.01999 146 14 1764 
 0.01998 97 68 1765 
 0.01997 113 33 1766 
 0.01995 156 20 1767 
 0.01992 199 20 1768 
 0.01991 135 33 1769 
 0.01989 158 33 1770 
 0.01986 92 33 1771 
 0.01984 185 20 1772 
 0.01983 62 20 1773 
 0.01982 56 33 1774 
 0.0198 77 33 1775 
 0.01978 179 33 1776 
 0.01977 20 8 1777 
 0.01975 156 33 1778 
 0.01974 185 33 1779 
 0.01973 178 20 1780 
 0.01971 58 20 1781 
 0.01969 152 20 1782 
 0.01968 38 20 1783 
 0.01967 203 20 1784 
 0.01966 197 20 1785 
 0.01965 204 20 1786 
 0.01964 33 30 1787 
 0.01963 190 20 1788 
 0.01962 76 20 1789 
 0.01961 198 20 1790 
 0.0196 110 97 1791 
 0.01958 64 20 1792 
 0.01957 36 20 1793 
 0.01956 101 25 1794 
 0.01955 116 97 1795 
 0.01953 44 20 1796 
 0.01952 114 97 1797 
 0.01951 103 100 1798 
 0.0195 73 20 1799 
 0.01948 192 20 1800 
 0.01947 146 97 1801 
 0.01946 182 20 1802 
 0.01942 32 20 1803 
 0.01941 66 20 1804 
 0.0194 57 20 1805 
 0.01939 167 97 1806 
 0.01938 59 20 1807 
 0.01936 84 20 1808 
 0.01934 30 20 1809 
 0.01933 199 33 1810 
 0.01931 155 20 1811 
 0.0193 182 33 1812 
 0.01927 64 33 1813 
 0.01923 100 20 1814 
 0.01917 47 33 1815 
 0.01916 178 33 1816 
 0.01915 33 27 1817 
 0.01913 33 15 1818 
 0.01912 107 97 1819 
 0.01911 59 33 1820 
 0.01909 188 33 1821 
 0.01908 204 33 1822 
 0.01907 197 33 1823 
 0.01906 191 33 1824 
 0.01903 198 33 1825 
 0.01902 75 33 1826 
 0.01901 79 33 1827 
 0.019 33 16 1828 
 0.01899 40 33 1829 
 0.01898 33 0 1830 
 0.01897 72 33 1831 
 0.01896 190 33 1832 
 0.01895 44 33 1833 
 0.01894 71 33 1834 
 0.01893 42 33 1835 
 0.01892 74 33 1836 
 0.01891 33 9 1837 
 0.0189 192 33 1838 
 0.01886 66 33 1839 
 0.01885 50 33 1840 
 0.01883 57 33 1841 
 0.01881 117 20 1842 
 0.01879 122 14 1843 
 0.01875 68 33 1844 
 0.0187 168 14 1845 
 0.01869 110 20 1846 
 0.01866 120 14 1847 
 0.01862 127 14 1848 
 0.01861 167 20 1849 
 0.0186 117 33 1850 
 0.01858 114 20 1851 
 0.01857 146 20 1852 
 0.01854 105 14 1853 
 0.01853 111 14 1854 
 0.01851 115 100 1855 
 0.01848 110 33 1856 
 0.01846 101 100 1857 
 0.01844 108 14 1858 
 0.01843 116 33 1859 
 0.01841 114 33 1860 
 0.01837 146 33 1861 
 0.01836 122 97 1862 
 0.01833 94 14 1863 
 0.01828 107 33 1864 
 0.0182 120 97 1865 
 0.01817 127 97 1866 
 0.01815 168 97 1867 
 0.01814 97 93 1868 
 0.01813 105 97 1869 
 0.01808 111 97 1870 
 0.01807 106 97 1871 
 0.01801 103 14 1872 
 0.018 108 97 1873 
 0.01791 97 94 1874 
 0.0176 122 20 1875 
 0.01754 120 33 1876 
 0.01752 168 20 1877 
 0.01749 120 20 1878 
 0.01748 127 20 1879 
 0.01744 96 20 1880 
 0.01743 122 33 1881 
 0.01739 111 20 1882 
 0.01735 106 20 1883 
 0.01734 168 33 1884 
 0.01732 127 33 1885 
 0.01728 96 33 1886 
 0.01726 105 33 1887 
 0.01723 115 14 1888 
 0.01722 94 20 1889 
 0.01721 106 33 1890 
 0.0172 101 14 1891 
 0.01716 108 33 1892 
 0.01713 119 14 1893 
 0.01707 94 33 1894 
 0.01701 33 25 1895 
 0.01696 103 20 1896 
 0.01688 115 97 1897 
 0.01685 101 97 1898 
 0.01682 103 33 1899 
 0.01679 119 97 1900 
 0.01678 100 97 1901 
 0.01651 100 33 1902 
 0.01633 115 33 1903 
 0.0163 115 20 1904 
 0.01628 101 20 1905 
 0.01622 119 20 1906 
 0.01614 101 33 1907 
 0.01608 119 33 1908 
 0.01591 97 14 1909 
 0.01539 33 14 1910 
 0.01509 97 20 1911 
 0.01507 97 33 1912 
 0.01468 33 20 1913 
 