1.0 204 204 1 
 0.98969 47 39 2 
 0.98958 72 40 3 
 0.98947 188 123 4 
 0.98936 204 203 5 
 0.98276 96 93 6 
 0.97959 68 57 7 
 0.97938 72 39 8 
 0.97917 79 42 9 
 0.97895 204 197 10 
 0.97872 76 54 11 
 0.97849 76 58 12 
 0.97826 58 8 13 
 0.96939 72 47 14 
 0.96907 198 57 15 
 0.96875 204 192 16 
 0.96842 203 188 17 
 0.96809 199 178 18 
 0.96667 119 101 19 
 0.96296 60 45 20 
 0.95918 198 16 21 
 0.95876 203 190 22 
 0.95833 204 188 23 
 0.95789 203 178 24 
 0.95745 203 58 25 
 0.95327 60 17 26 
 0.95122 110 91 27 
 0.95 153 145 28 
 0.94949 69 16 29 
 0.94898 204 190 30 
 0.94845 204 123 31 
 0.94792 204 178 32 
 0.94737 204 58 33 
 0.94444 200 163 34 
 0.94393 80 65 35 
 0.94 39 16 36 
 0.93939 190 123 37 
 0.93878 203 196 38 
 0.93814 204 61 39 
 0.9375 203 76 40 
 0.93684 203 8 41 
 0.93617 62 58 42 
 0.93548 119 115 43 
 0.93519 31 17 44 
 0.93458 65 17 45 
 0.93443 115 101 46 
 0.93396 80 17 47 
 0.93333 111 96 48 
 0.93103 121 113 49 
 0.93069 57 16 50 
 0.93023 114 110 51 
 0.93 74 16 52 
 0.92929 204 196 53 
 0.92857 204 13 54 
 0.92784 204 76 55 
 0.92708 204 8 56 
 0.92683 146 117 57 
 0.92661 45 7 58 
 0.92593 80 45 59 
 0.92157 30 23 60 
 0.92079 72 16 61 
 0.92 196 192 62 
 0.91935 106 93 63 
 0.91919 192 69 64 
 0.91837 204 198 65 
 0.91753 204 199 66 
 0.91667 178 58 67 
 0.91525 108 96 68 
 0.91304 147 139 69 
 0.91176 68 16 70 
 0.91089 68 1 71 
 0.91071 82 65 72 
 0.91 198 50 73 
 0.90991 82 80 74 
 0.90909 204 74 75 
 0.90816 203 21 76 
 0.90722 198 62 77 
 0.90698 146 116 78 
 0.90476 159 153 79 
 0.90385 50 30 80 
 0.90196 196 190 81 
 0.90099 196 26 82 
 0.9009 82 17 83 
 0.9 204 72 84 
 0.89899 204 21 85 
 0.89796 199 21 86 
 0.89691 203 62 87 
 0.89474 200 153 88 
 0.89394 106 103 89 
 0.89381 65 34 90 
 0.8932 73 30 91 
 0.89286 65 31 92 
 0.89216 190 66 93 
 0.89189 80 60 94 
 0.89109 204 68 95 
 0.89062 120 106 96 
 0.89 199 190 97 
 0.88889 203 27 98 
 0.88776 204 62 99 
 0.8871 120 96 100 
 0.8866 199 62 101 
 0.88636 116 110 102 
 0.88462 74 30 103 
 0.88372 117 114 104 
 0.8835 196 50 105 
 0.88333 111 108 106 
 0.88298 199 193 107 
 0.88235 204 16 108 
 0.88119 196 76 109 
 0.88 204 27 110 
 0.87879 199 27 111 
 0.87826 60 34 112 
 0.87719 82 7 113 
 0.87692 120 103 114 
 0.87619 66 30 115 
 0.87611 80 34 116 
 0.875 196 16 117 
 0.87379 196 1 118 
 0.87368 193 178 119 
 0.87302 108 103 120 
 0.87255 196 79 121 
 0.87156 59 30 122 
 0.87129 199 50 123 
 0.87097 120 93 124 
 0.87 199 74 125 
 0.86957 157 145 126 
 0.86869 199 76 127 
 0.86792 68 30 128 
 0.86667 192 30 129 
 0.86567 105 103 130 
 0.86538 196 57 131 
 0.86458 193 188 132 
 0.86408 196 69 133 
 0.86364 159 145 134 
 0.86325 82 34 135 
 0.86275 178 68 136 
 0.86207 140 131 137 
 0.86154 120 105 138 
 0.86139 199 1 139 
 0.86 199 198 140 
 0.85849 188 59 141 
 0.85714 198 30 142 
 0.85577 196 72 143 
 0.85567 193 123 144 
 0.85437 190 27 145 
 0.85294 199 56 146 
 0.85185 112 109 147 
 0.85149 199 69 148 
 0.85047 196 30 149 
 0.85 200 149 150 
 0.84906 178 59 151 
 0.84762 203 30 152 
 0.84615 143 139 153 
 0.84466 199 16 154 
 0.84314 199 72 155 
 0.84298 82 2 156 
 0.84259 59 42 157 
 0.84167 60 2 158 
 0.84146 179 18 159 
 0.84112 198 59 160 
 0.84091 117 116 161 
 0.84034 45 2 162 
 0.84 150 147 163 
 0.83962 204 30 164 
 0.83898 84 17 165 
 0.83871 120 108 166 
 0.83838 196 193 167 
 0.8381 199 30 168 
 0.83505 203 193 169 
 0.83495 199 68 170 
 0.83486 196 59 171 
 0.83333 190 30 172 
 0.83178 203 59 173 
 0.83051 17 2 174 
 0.83019 62 59 175 
 0.82759 150 136 176 
 0.82653 204 193 177 
 0.82609 159 154 178 
 0.82569 72 59 179 
 0.825 65 2 180 
 0.82407 204 59 181 
 0.82353 176 22 182 
 0.82243 199 59 183 
 0.82143 150 140 184 
 0.81818 193 192 185 
 0.81651 192 59 186 
 0.81633 146 122 187 
 0.81522 199 179 188 
 0.81481 157 143 189 
 0.8125 170 22 190 
 0.81148 31 2 191 
 0.81081 59 16 192 
 0.80952 200 159 193 
 0.80899 193 18 194 
 0.80808 193 21 195 
 0.80769 150 130 196 
 0.80645 203 179 197 
 0.80488 84 60 198 
 0.80198 193 190 199 
 0.8018 190 59 200 
 0.80165 84 80 201 
 0.8 193 26 202 
 0.79839 185 45 203 
 0.79787 204 179 204 
 0.79762 179 77 205 
 0.79592 193 62 206 
 0.7957 62 18 207 
 0.79508 7 2 208 
 0.7931 112 95 209 
 0.79167 159 147 210 
 0.7907 100 25 211 
 0.78947 192 179 212 
 0.78862 84 65 213 
 0.78571 150 143 214 
 0.78431 193 50 215 
 0.784 185 65 216 
 0.78261 163 157 217 
 0.78226 185 80 218 
 0.78125 121 118 219 
 0.78 193 76 220 
 0.77966 101 94 221 
 0.77778 176 170 222 
 0.7766 58 18 223 
 0.77451 193 42 224 
 0.77419 185 17 225 
 0.77344 185 82 226 
 0.7732 196 179 227 
 0.77273 200 147 228 
 0.77228 198 193 229 
 0.77165 185 60 230 
 0.77083 27 18 231 
 0.76984 185 7 232 
 0.76923 193 77 233 
 0.76842 199 18 234 
 0.76596 179 62 235 
 0.76471 193 74 236 
 0.76378 84 82 237 
 0.76316 113 92 238 
 0.76289 74 18 239 
 0.7619 158 135 240 
 0.76042 76 18 241 
 0.76 159 157 242 
 0.75862 139 136 243 
 0.75781 185 31 244 
 0.75758 18 16 245 
 0.75728 193 72 246 
 0.7561 155 152 247 
 0.7551 18 1 248 
 0.75472 193 30 249 
 0.7541 119 94 250 
 0.75258 198 18 251 
 0.75 193 68 252 
 0.74766 193 17 253 
 0.74747 56 18 254 
 0.74615 185 34 255 
 0.74576 45 30 256 
 0.7449 77 26 257 
 0.74336 199 7 258 
 0.74286 193 16 259 
 0.74227 203 18 260 
 0.74194 118 112 261 
 0.74074 193 59 262 
 0.73913 200 157 263 
 0.73874 62 17 264 
 0.73737 72 18 265 
 0.73684 176 172 266 
 0.73554 82 30 267 
 0.73529 118 113 268 
 0.73504 16 7 269 
 0.73469 204 18 270 
 0.73451 62 7 271 
 0.73333 94 93 272 
 0.73214 199 17 273 
 0.73196 199 77 274 
 0.73077 159 150 275 
 0.73043 27 7 276 
 0.73 196 18 277 
 0.72807 26 17 278 
 0.72727 193 65 279 
 0.7265 196 7 280 
 0.72566 178 17 281 
 0.72477 193 80 282 
 0.72449 178 77 283 
 0.72414 140 130 284 
 0.72321 58 17 285 
 0.72222 170 5 286 
 0.7218 84 2 287 
 0.72174 178 7 288 
 0.72165 77 62 289 
 0.72131 111 94 290 
 0.72034 82 21 291 
 0.72 179 68 292 
 0.7193 188 17 293 
 0.71875 113 109 294 
 0.71852 185 2 295 
 0.71795 199 82 296 
 0.71739 25 14 297 
 0.71717 188 77 298 
 0.71681 193 107 299 
 0.71667 65 30 300 
 0.71552 198 7 301 
 0.71429 193 60 302 
 0.71304 199 65 303 
 0.71287 179 16 304 
 0.71186 178 82 305 
 0.71154 18 17 306 
 0.71053 199 80 307 
 0.71 123 77 308 
 0.70968 143 131 309 
 0.7094 123 65 310 
 0.70833 200 150 311 
 0.70755 18 7 312 
 0.70732 34 30 313 
 0.70707 77 76 314 
 0.7069 178 65 315 
 0.70588 188 82 316 
 0.70492 31 30 317 
 0.70476 80 77 318 
 0.70435 198 17 319 
 0.70423 103 101 320 
 0.7037 153 140 321 
 0.70339 199 34 322 
 0.70312 122 115 323 
 0.70297 77 39 324 
 0.70248 82 56 325 
 0.70192 30 18 326 
 0.70175 193 82 327 
 0.70085 199 60 328 
 0.70073 185 84 329 
 0.7 198 77 330 
 0.69912 193 31 331 
 0.69828 188 80 332 
 0.69748 196 65 333 
 0.69608 196 77 334 
 0.69565 203 17 335 
 0.69524 77 17 336 
 0.69492 196 80 337 
 0.69444 156 131 338 
 0.69421 82 66 339 
 0.69307 77 74 340 
 0.69231 203 7 341 
 0.69167 198 82 342 
 0.69159 77 65 343 
 0.69106 65 59 344 
 0.69 203 77 345 
 0.68966 204 17 346 
 0.68932 77 16 347 
 0.68908 188 60 348 
 0.68868 59 18 349 
 0.68852 196 82 350 
 0.68807 179 107 351 
 0.6875 109 95 352 
 0.68644 204 7 353 
 0.68627 77 72 354 
 0.68595 123 34 355 
 0.68571 179 17 356 
 0.68493 115 103 357 
 0.68421 200 141 358 
 0.68376 198 80 359 
 0.68333 203 82 360 
 0.68317 204 77 361 
 0.68293 82 16 362 
 0.68254 120 94 363 
 0.68182 177 176 364 
 0.68067 192 7 365 
 0.68033 82 72 366 
 0.68 163 112 367 
 0.67961 77 68 368 
 0.67925 179 80 369 
 0.6789 77 31 370 
 0.67857 159 143 371 
 0.67797 203 65 372 
 0.67769 204 82 373 
 0.67742 136 130 374 
 0.67692 122 119 375 
 0.67647 192 77 376 
 0.67521 203 80 377 
 0.675 199 107 378 
 0.6748 196 34 379 
 0.6746 185 178 380 
 0.6729 77 59 381 
 0.67227 204 65 382 
 0.67213 196 60 383 
 0.67188 122 101 384 
 0.66949 204 80 385 
 0.66942 203 34 386 
 0.66935 34 16 387 
 0.66929 188 185 388 
 0.66667 203 60 389 
 0.66406 185 123 390 
 0.66393 204 34 391 
 0.66387 192 80 392 
 0.66364 77 60 393 
 0.66346 190 77 394 
 0.66176 108 101 395 
 0.66129 196 107 396 
 0.66116 204 60 397 
 0.66102 146 101 398 
 0.65909 156 155 399 
 0.65854 196 31 400 
 0.65625 143 140 401 
 0.65574 192 60 402 
 0.65517 153 136 403 
 0.65455 179 60 404 
 0.65385 200 143 405 
 0.65354 59 31 406 
 0.65289 203 31 407 
 0.65179 107 18 408 
 0.65041 188 107 409 
 0.65 176 5 410 
 0.64865 156 140 411 
 0.64844 203 185 412 
 0.64754 204 31 413 
 0.64706 156 147 414 
 0.64662 185 30 415 
 0.64516 190 31 416 
 0.64407 101 91 417 
 0.64384 106 101 418 
 0.64341 204 185 419 
 0.64286 179 82 420 
 0.64228 192 31 421 
 0.64122 30 2 422 
 0.64103 109 92 423 
 0.63934 193 84 424 
 0.63889 119 111 425 
 0.63846 192 185 426 
 0.63793 77 2 427 
 0.6371 186 107 428 
 0.63636 177 172 429 
 0.63559 185 179 430 
 0.63492 84 62 431 
 0.6338 111 101 432 
 0.63359 107 7 433 
 0.63333 145 136 434 
 0.63281 185 62 435 
 0.63158 200 22 436 
 0.63014 120 119 437 
 0.62992 199 84 438 
 0.62963 200 140 439 
 0.62903 203 107 440 
 0.62879 190 185 441 
 0.62791 84 26 442 
 0.62667 119 105 443 
 0.62595 185 64 444 
 0.625 178 84 445 
 0.62406 84 30 446 
 0.624 204 107 447 
 0.62308 185 12 448 
 0.62295 119 117 449 
 0.62205 84 58 450 
 0.62162 156 143 451 
 0.62121 185 72 452 
 0.62069 163 136 453 
 0.62016 188 84 454 
 0.61972 101 93 455 
 0.6194 59 2 456 
 0.61905 192 107 457 
 0.61864 84 77 458 
 0.61832 185 79 459 
 0.61789 193 2 460 
 0.61765 156 104 461 
 0.61667 117 101 462 
 0.61654 185 56 463 
 0.61644 119 96 464 
 0.61538 179 2 465 
 0.61417 62 2 466 
 0.61364 185 40 467 
 0.6129 159 136 468 
 0.6124 84 76 469 
 0.61111 107 27 470 
 0.61069 185 76 471 
 0.60976 155 131 472 
 0.60938 199 2 473 
 0.60902 185 66 474 
 0.6087 174 153 475 
 0.60769 198 84 476 
 0.60714 200 95 477 
 0.6063 107 26 478 
 0.60606 198 185 479 
 0.60526 115 105 480 
 0.60465 178 2 481 
 0.60331 185 77 482 
 0.60317 107 54 483 
 0.60305 84 74 484 
 0.60294 107 82 485 
 0.60274 115 93 486 
 0.60156 107 1 487 
 0.6015 185 74 488 
 0.6 203 84 489 
 0.59848 84 72 490 
 0.59843 198 107 491 
 0.59701 185 9 492 
 0.5969 107 50 493 
 0.59677 117 115 494 
 0.59664 179 84 495 
 0.59542 204 84 496 
 0.59483 107 77 497 
 0.59459 115 96 498 
 0.59398 16 2 499 
 0.59375 107 74 500 
 0.59259 185 68 501 
 0.59231 107 16 502 
 0.59124 107 34 503 
 0.59091 192 84 504 
 0.59055 107 76 505 
 0.58955 84 16 506 
 0.58824 158 137 507 
 0.58779 198 2 508 
 0.58647 196 2 509 
 0.58621 200 136 510 
 0.58594 107 79 511 
 0.58537 155 143 512 
 0.58462 107 57 513 
 0.58333 177 174 514 
 0.58209 190 84 515 
 0.58182 146 94 516 
 0.5814 107 69 517 
 0.58065 157 109 518 
 0.58015 203 2 519 
 0.57895 170 141 520 
 0.57724 185 18 521 
 0.57692 174 130 522 
 0.57639 185 107 523 
 0.57576 204 2 524 
 0.57463 68 2 525 
 0.57252 107 68 526 
 0.57143 200 172 527 
 0.57037 107 59 528 
 0.56667 200 118 529 
 0.56522 177 5 530 
 0.5641 155 139 531 
 0.56364 94 91 532 
 0.5625 150 109 533 
 0.5614 116 94 534 
 0.56 176 139 535 
 0.55944 107 2 536 
 0.55882 156 153 537 
 0.55556 152 130 538 
 0.55263 152 143 539 
 0.55172 174 140 540 
 0.55 155 130 541 
 0.54839 163 118 542 
 0.54545 200 176 543 
 0.54286 159 152 544 
 0.54167 176 149 545 
 0.54054 156 151 546 
 0.53846 177 169 547 
 0.53571 117 94 548 
 0.53425 122 103 549 
 0.53226 93 92 550 
 0.53125 177 113 551 
 0.52941 163 156 552 
 0.52857 122 111 553 
 0.52778 159 156 554 
 0.52632 141 22 555 
 0.525 155 147 556 
 0.52381 111 92 557 
 0.52308 146 120 558 
 0.52174 200 174 559 
 0.52055 122 106 560 
 0.52 176 159 561 
 0.51852 176 150 562 
 0.51613 177 121 563 
 0.51562 120 92 564 
 0.51515 200 152 565 
 0.51471 146 103 566 
 0.51429 156 148 567 
 0.51351 157 152 568 
 0.51282 155 145 569 
 0.5122 157 155 570 
 0.50769 146 111 571 
 0.50746 120 116 572 
 0.50725 122 108 573 
 0.5 200 156 574 
 0.49296 122 93 575 
 0.49275 110 105 576 
 0.49254 116 111 577 
 0.49231 117 111 578 
 0.49153 120 113 579 
 0.48718 156 112 580 
 0.48649 143 113 581 
 0.48611 122 96 582 
 0.48571 152 144 583 
 0.48529 117 106 584 
 0.48485 110 93 585 
 0.48438 146 108 586 
 0.48387 177 4 587 
 0.48276 177 157 588 
 0.48148 177 145 589 
 0.48 200 177 590 
 0.47826 146 105 591 
 0.47761 116 93 592 
 0.47619 172 141 593 
 0.475 155 149 594 
 0.47458 120 95 595 
 0.47368 131 113 596 
 0.47222 157 118 597 
 0.47059 177 118 598 
 0.4697 146 93 599 
 0.46875 117 108 600 
 0.46774 113 106 601 
 0.46667 176 131 602 
 0.46552 121 111 603 
 0.46479 114 105 604 
 0.46429 177 99 605 
 0.46377 117 105 606 
 0.46341 159 155 607 
 0.46269 146 96 608 
 0.46154 201 102 609 
 0.45946 152 99 610 
 0.45902 120 118 611 
 0.45833 150 137 612 
 0.45763 121 120 613 
 0.45714 174 152 614 
 0.45588 114 93 615 
 0.45455 176 141 616 
 0.45238 155 90 617 
 0.45161 172 29 618 
 0.45 155 148 619 
 0.44928 114 96 620 
 0.44828 177 139 621 
 0.44776 117 96 622 
 0.44737 200 92 623 
 0.44444 200 78 624 
 0.44262 118 111 625 
 0.44118 158 152 626 
 0.44068 95 93 627 
 0.4375 177 143 628 
 0.4359 200 155 629 
 0.43548 121 106 630 
 0.43478 174 141 631 
 0.43333 177 151 632 
 0.43103 109 93 633 
 0.42857 195 189 634 
 0.42623 118 93 635 
 0.425 155 98 636 
 0.42373 55 24 637 
 0.42222 156 118 638 
 0.42188 103 95 639 
 0.41935 177 150 640 
 0.4186 157 92 641 
 0.41667 150 87 642 
 0.41463 177 92 643 
 0.41379 177 159 644 
 0.41304 155 109 645 
 0.41176 156 92 646 
 0.41026 156 135 647 
 0.40909 156 95 648 
 0.40741 140 137 649 
 0.40678 120 112 650 
 0.40625 170 118 651 
 0.40541 143 4 652 
 0.40476 159 92 653 
 0.40426 55 29 654 
 0.4 189 102 655 
 0.39655 112 93 656 
 0.39583 136 92 657 
 0.39535 155 104 658 
 0.39474 164 55 659 
 0.39394 176 113 660 
 0.39344 120 109 661 
 0.3913 147 87 662 
 0.39062 109 103 663 
 0.39024 174 155 664 
 0.38889 189 85 665 
 0.38806 118 103 666 
 0.3871 200 4 667 
 0.38636 156 121 668 
 0.38596 110 92 669 
 0.38462 201 195 670 
 0.38298 131 92 671 
 0.38235 177 131 672 
 0.37931 158 150 673 
 0.37838 176 156 674 
 0.37778 152 113 675 
 0.375 176 121 676 
 0.37288 109 108 677 
 0.37209 78 55 678 
 0.37143 169 95 679 
 0.37113 33 32 680 
 0.37037 141 78 681 
 0.36957 155 112 682 
 0.36842 170 55 683 
 0.36667 155 127 684 
 0.36364 176 95 685 
 0.36207 112 108 686 
 0.36111 177 136 687 
 0.36 155 113 688 
 0.35938 112 103 689 
 0.35897 55 5 690 
 0.35417 140 92 691 
 0.35294 200 29 692 
 0.35135 176 152 693 
 0.35065 77 51 694 
 0.35 177 156 695 
 0.34965 107 100 696 
 0.34921 94 92 697 
 0.34884 169 92 698 
 0.34783 154 87 699 
 0.34694 155 121 700 
 0.34615 169 32 701 
 0.34483 146 92 702 
 0.34286 177 140 703 
 0.34211 90 29 704 
 0.34146 176 92 705 
 0.34 155 95 706 
 0.33962 152 92 707 
 0.33898 104 96 708 
 0.33871 105 99 709 
 0.33333 195 87 710 
 0.32759 155 92 711 
 0.32692 155 118 712 
 0.32593 107 25 713 
 0.325 172 55 714 
 0.32432 172 152 715 
 0.32353 156 137 716 
 0.32258 141 4 717 
 0.32203 104 93 718 
 0.32143 143 137 719 
 0.32075 168 152 720 
 0.32051 179 51 721 
 0.32 174 171 722 
 0.31818 159 55 723 
 0.31746 106 104 724 
 0.31707 164 92 725 
 0.31667 111 104 726 
 0.31579 172 156 727 
 0.31481 114 113 728 
 0.31395 193 51 729 
 0.31373 117 95 730 
 0.31333 107 14 731 
 0.3125 128 87 732 
 0.31148 120 104 733 
 0.31111 177 155 734 
 0.31034 158 147 735 
 0.30952 174 55 736 
 0.30769 201 89 737 
 0.30667 119 92 738 
 0.30645 144 106 739 
 0.30612 135 127 740 
 0.30508 144 111 741 
 0.30435 156 4 742 
 0.30303 152 87 743 
 0.30233 140 29 744 
 0.30189 146 113 745 
 0.30159 130 120 746 
 0.3 201 189 747 
 0.29915 45 24 748 
 0.29851 136 96 749 
 0.29787 51 21 750 
 0.2973 156 106 751 
 0.2963 114 95 752 
 0.29577 156 96 753 
 0.29545 177 55 754 
 0.29474 51 26 755 
 0.29412 200 89 756 
 0.2931 200 111 757 
 0.29268 177 152 758 
 0.29231 143 96 759 
 0.29167 189 125 760 
 0.29091 116 113 761 
 0.29032 199 51 762 
 0.28947 115 92 763 
 0.28889 136 29 764 
 0.28866 51 50 765 
 0.28846 176 32 766 
 0.28814 200 120 767 
 0.28788 130 106 768 
 0.28723 178 51 769 
 0.28571 200 55 770 
 0.28421 188 51 771 
 0.28358 136 93 772 
 0.28333 177 93 773 
 0.28302 146 95 774 
 0.28261 152 4 775 
 0.28205 160 92 776 
 0.28169 156 93 777 
 0.28125 157 120 778 
 0.28 159 137 779 
 0.27957 62 51 780 
 0.27941 136 111 781 
 0.27907 172 155 782 
 0.27869 177 111 783 
 0.27778 201 173 784 
 0.27723 51 30 785 
 0.27692 167 32 786 
 0.2766 130 55 787 
 0.27586 200 93 788 
 0.27551 196 51 789 
 0.27536 143 106 790 
 0.27451 170 32 791 
 0.27419 200 106 792 
 0.27397 156 120 793 
 0.27368 76 51 794 
 0.27273 174 92 795 
 0.27184 80 51 796 
 0.27119 177 108 797 
 0.27083 198 51 798 
 0.27027 143 135 799 
 0.26984 163 106 800 
 0.26923 189 138 801 
 0.26866 157 106 802 
 0.26829 82 24 803 
 0.26804 74 51 804 
 0.26786 118 110 805 
 0.26772 24 2 806 
 0.26667 189 89 807 
 0.26562 153 106 808 
 0.26531 72 51 809 
 0.26471 150 106 810 
 0.26415 146 121 811 
 0.26316 183 125 812 
 0.26271 24 17 813 
 0.26263 68 51 814 
 0.2623 156 127 815 
 0.2619 168 158 816 
 0.26168 60 51 817 
 0.26154 177 106 818 
 0.26087 189 141 819 
 0.2605 80 24 820 
 0.26042 203 51 821 
 0.26027 136 103 822 
 0.26 156 29 823 
 0.25974 156 103 824 
 0.25926 157 137 825 
 0.25862 108 98 826 
 0.25806 159 93 827 
 0.25773 204 51 828 
 0.25758 177 103 829 
 0.25714 152 128 830 
 0.25688 82 51 831 
 0.25664 65 55 832 
 0.25641 155 87 833 
 0.2562 24 7 834 
 0.25532 169 155 835 
 0.2551 192 51 836 
 0.25455 138 32 837 
 0.25373 131 93 838 
 0.25352 143 103 839 
 0.25203 31 24 840 
 0.25 200 103 841 
 0.24658 152 111 842 
 0.24638 157 103 843 
 0.24615 163 103 844 
 0.2459 32 4 845 
 0.24561 159 32 846 
 0.24545 107 51 847 
 0.24528 172 32 848 
 0.2449 155 78 849 
 0.24359 155 96 850 
 0.24348 84 51 851 
 0.24324 152 120 852 
 0.24286 150 103 853 
 0.24242 153 103 854 
 0.24194 147 108 855 
 0.24138 200 108 856 
 0.24107 55 17 857 
 0.24 202 201 858 
 0.23944 119 95 859 
 0.23881 149 103 860 
 0.2381 202 102 861 
 0.23729 163 108 862 
 0.23636 174 32 863 
 0.23611 156 108 864 
 0.23529 202 157 865 
 0.23478 55 45 866 
 0.23438 150 108 867 
 0.23377 152 106 868 
 0.23333 171 139 869 
 0.23288 152 93 870 
 0.23214 144 32 871 
 0.23171 155 106 872 
 0.23134 185 24 873 
 0.23077 181 85 874 
 0.22951 149 108 875 
 0.22917 158 127 876 
 0.22857 101 95 877 
 0.22807 141 108 878 
 0.22785 155 111 879 
 0.22727 202 126 880 
 0.22689 185 51 881 
 0.22667 25 2 882 
 0.22642 141 32 883 
 0.22581 171 130 884 
 0.22535 121 119 885 
 0.225 155 120 886 
 0.22414 168 156 887 
 0.22388 169 105 888 
 0.22222 202 189 889 
 0.22034 147 32 890 
 0.21951 59 24 891 
 0.21875 171 150 892 
 0.21818 200 32 893 
 0.21739 200 137 894 
 0.21687 14 2 895 
 0.21667 151 32 896 
 0.21622 140 103 897 
 0.21538 176 105 898 
 0.21519 152 103 899 
 0.21429 202 141 900 
 0.21311 176 93 901 
 0.21212 202 99 902 
 0.21154 117 112 903 
 0.21053 201 137 904 
 0.20968 176 111 905 
 0.2093 189 92 906 
 0.20833 201 125 907 
 0.208 55 2 908 
 0.20732 100 2 909 
 0.2069 201 151 910 
 0.20635 176 120 911 
 0.20588 171 143 912 
 0.20548 152 108 913 
 0.20513 155 108 914 
 0.2037 117 109 915 
 0.20339 156 55 916 
 0.20312 169 93 917 
 0.2029 93 4 918 
 0.2 202 89 919 
 0.19697 176 106 920 
 0.19672 172 93 921 
 0.19512 83 51 922 
 0.19444 182 104 923 
 0.19403 176 103 924 
 0.19355 189 157 925 
 0.19298 116 109 926 
 0.19231 201 144 927 
 0.19118 108 4 928 
 0.19048 202 195 929 
 0.18966 108 22 930 
 0.18919 171 136 931 
 0.1875 202 144 932 
 0.18667 103 4 933 
 0.18644 170 108 934 
 0.18571 169 103 935 
 0.18519 189 163 936 
 0.18487 24 21 937 
 0.18462 174 120 938 
 0.18447 193 55 939 
 0.18421 202 143 940 
 0.18367 129 127 941 
 0.18333 172 108 942 
 0.1831 111 4 943 
 0.18269 77 24 944 
 0.18182 202 183 945 
 0.18072 51 25 946 
 0.18056 120 4 947 
 0.18033 50 24 948 
 0.18018 55 27 949 
 0.17949 160 156 950 
 0.1791 172 103 951 
 0.17895 105 32 952 
 0.17857 201 135 953 
 0.17808 119 109 954 
 0.17797 199 24 955 
 0.17778 202 156 956 
 0.17763 82 25 957 
 0.17742 174 108 958 
 0.17647 202 154 959 
 0.17568 111 29 960 
 0.17544 196 55 961 
 0.175 188 24 962 
 0.17391 201 141 963 
 0.17355 123 24 964 
 0.17273 199 55 965 
 0.17262 82 14 966 
 0.17241 202 129 967 
 0.17213 66 24 968 
 0.17204 120 32 969 
 0.17164 32 31 970 
 0.17143 202 147 971 
 0.17123 25 20 972 
 0.17117 178 55 973 
 0.17105 155 32 974 
 0.17073 196 24 975 
 0.17021 125 92 976 
 0.16964 198 55 977 
 0.16949 202 32 978 
 0.16935 24 16 979 
 0.16923 108 83 980 
 0.16901 106 83 981 
 0.16867 32 24 982 
 0.16814 123 55 983 
 0.16667 202 158 984 
 0.16529 198 24 985 
 0.16522 57 55 986 
 0.16495 77 55 987 
 0.16471 105 55 988 
 0.16456 103 29 989 
 0.16438 103 78 990 
 0.16393 74 24 991 
 0.16379 55 16 992 
 0.16364 168 131 993 
 0.16304 93 32 994 
 0.16279 78 51 995 
 0.16265 100 82 996 
 0.1626 72 24 997 
 0.16216 202 150 998 
 0.16129 202 200 999 
 0.16107 80 25 1000 
 0.16071 171 32 1001 
 0.16058 179 100 1002 
 0.16049 93 55 1003 
 0.16038 24 18 1004 
 0.16022 107 20 1005 
 0.16 202 87 1006 
 0.15951 100 7 1007 
 0.15929 79 55 1008 
 0.15909 182 136 1009 
 0.15894 65 25 1010 
 0.15873 122 112 1011 
 0.15854 111 55 1012 
 0.15789 195 81 1013 
 0.15758 80 14 1014 
 0.15702 203 24 1015 
 0.15686 60 25 1016 
 0.15672 65 32 1017 
 0.15652 72 55 1018 
 0.15625 202 199 1019 
 0.15574 204 24 1020 
 0.15569 65 14 1021 
 0.15556 202 193 1022 
 0.15517 124 32 1023 
 0.15493 112 101 1024 
 0.15484 34 25 1025 
 0.15464 106 32 1026 
 0.15447 192 24 1027 
 0.15429 185 100 1028 
 0.15385 202 173 1029 
 0.15306 103 32 1030 
 0.15287 196 100 1031 
 0.15244 100 65 1032 
 0.15217 189 117 1033 
 0.15205 34 14 1034 
 0.15152 202 153 1035 
 0.15116 106 55 1036 
 0.15094 179 24 1037 
 0.15079 179 25 1038 
 0.15068 115 112 1039 
 0.15044 203 55 1040 
 0.15033 199 100 1041 
 0.15 202 131 1042 
 0.14966 193 100 1043 
 0.14961 77 25 1044 
 0.14943 103 55 1045 
 0.14912 204 55 1046 
 0.14907 100 20 1047 
 0.14894 171 155 1048 
 0.14851 202 196 1049 
 0.14839 186 100 1050 
 0.14815 201 153 1051 
 0.14789 54 25 1052 
 0.14783 192 55 1053 
 0.14724 100 80 1054 
 0.14706 202 149 1055 
 0.14689 84 14 1056 
 0.14634 202 95 1057 
 0.14583 174 168 1058 
 0.14545 100 45 1059 
 0.14535 97 34 1060 
 0.1453 190 55 1061 
 0.14483 25 1 1062 
 0.14474 201 179 1063 
 0.14371 100 60 1064 
 0.14286 202 181 1065 
 0.14201 100 34 1066 
 0.14194 203 100 1067 
 0.14184 62 25 1068 
 0.14141 202 188 1069 
 0.14103 204 100 1070 
 0.14035 147 127 1071 
 0.14013 192 100 1072 
 0.14 202 123 1073 
 0.13986 76 25 1074 
 0.13971 193 25 1075 
 0.13953 202 118 1076 
 0.13939 185 25 1077 
 0.13889 201 136 1078 
 0.13869 107 24 1079 
 0.13846 160 105 1080 
 0.13836 190 100 1081 
 0.13816 193 14 1082 
 0.13812 185 14 1083 
 0.13793 201 159 1084 
 0.13772 33 31 1085 
 0.13768 60 32 1086 
 0.1375 21 14 1087 
 0.13725 202 155 1088 
 0.13714 100 84 1089 
 0.13699 72 25 1090 
 0.13665 26 14 1091 
 0.13636 202 67 1092 
 0.13605 68 25 1093 
 0.1358 81 18 1094 
 0.13571 82 32 1095 
 0.13559 177 94 1096 
 0.13534 32 30 1097 
 0.13514 201 118 1098 
 0.13497 50 14 1099 
 0.13475 100 77 1100 
 0.13462 177 117 1101 
 0.13402 81 27 1102 
 0.13376 100 27 1103 
 0.13333 201 181 1104 
 0.13287 199 25 1105 
 0.13265 125 27 1106 
 0.13253 202 179 1107 
 0.13245 30 25 1108 
 0.13208 199 14 1109 
 0.13194 203 25 1110 
 0.13187 20 7 1111 
 0.13178 107 55 1112 
 0.13174 30 14 1113 
 0.13158 189 136 1114 
 0.13131 179 55 1115 
 0.13125 178 14 1116 
 0.13115 82 29 1117 
 0.13103 204 25 1118 
 0.13095 202 77 1119 
 0.13072 59 25 1120 
 0.13043 202 167 1121 
 0.13018 59 14 1122 
 0.13014 192 25 1123 
 0.13 55 18 1124 
 0.12963 177 110 1125 
 0.12903 202 81 1126 
 0.12883 14 1 1127 
 0.12871 196 125 1128 
 0.12838 196 25 1129 
 0.12821 195 92 1130 
 0.12805 196 14 1131 
 0.12791 201 193 1132 
 0.12778 20 17 1133 
 0.12766 201 110 1134 
 0.12745 125 16 1135 
 0.12739 100 54 1136 
 0.12727 177 114 1137 
 0.12707 80 20 1138 
 0.12658 198 100 1139 
 0.12605 45 29 1140 
 0.12579 100 74 1141 
 0.12568 65 20 1142 
 0.125 204 189 1143 
 0.12432 60 20 1144 
 0.12422 100 57 1145 
 0.12397 60 29 1146 
 0.12371 201 196 1147 
 0.12346 198 14 1148 
 0.12329 32 2 1149 
 0.12308 156 117 1150 
 0.12299 82 20 1151 
 0.12281 202 107 1152 
 0.1227 74 14 1153 
 0.12245 189 110 1154 
 0.12214 56 32 1155 
 0.12195 202 140 1156 
 0.12179 100 62 1157 
 0.12174 51 20 1158 
 0.12121 204 125 1159 
 0.12069 129 32 1160 
 0.12048 125 18 1161 
 0.12025 100 76 1162 
 0.12 203 202 1163 
 0.11979 20 2 1164 
 0.1195 100 79 1165 
 0.1194 156 110 1166 
 0.11927 125 7 1167 
 0.11905 33 7 1168 
 0.11881 204 202 1169 
 0.11875 100 69 1170 
 0.11864 202 24 1171 
 0.11842 77 28 1172 
 0.11801 100 72 1173 
 0.11765 202 192 1174 
 0.11728 203 14 1175 
 0.11719 29 2 1176 
 0.11712 202 7 1177 
 0.11702 203 201 1178 
 0.11667 160 108 1179 
 0.11656 204 14 1180 
 0.11628 169 51 1181 
 0.11585 192 14 1182 
 0.11579 204 201 1183 
 0.11538 202 190 1184 
 0.11504 83 65 1185 
 0.11475 104 94 1186 
 0.11458 203 189 1187 
 0.11446 190 14 1188 
 0.11429 202 177 1189 
 0.11404 78 65 1190 
 0.11392 201 18 1191 
 0.11382 202 185 1192 
 0.11364 196 32 1193 
 0.11351 185 97 1194 
 0.1134 199 81 1195 
 0.11321 202 146 1196 
 0.1131 100 59 1197 
 0.1129 160 93 1198 
 0.11268 182 93 1199 
 0.11258 185 32 1200 
 0.1125 189 179 1201 
 0.11243 65 33 1202 
 0.11236 193 189 1203 
 0.11224 201 190 1204 
 0.11111 203 125 1205 
 0.11043 178 97 1206 
 0.11009 202 17 1207 
 0.11 197 125 1208 
 0.10989 97 2 1209 
 0.10976 188 97 1210 
 0.10959 202 105 1211 
 0.10938 199 32 1212 
 0.10929 97 84 1213 
 0.10924 80 29 1214 
 0.1092 97 7 1215 
 0.10909 202 116 1216 
 0.10897 193 97 1217 
 0.10891 196 129 1218 
 0.1087 201 155 1219 
 0.10843 179 125 1220 
 0.10811 202 78 1221 
 0.10784 202 21 1222 
 0.10778 196 97 1223 
 0.10769 129 93 1224 
 0.10744 29 7 1225 
 0.10714 202 65 1226 
 0.10687 32 26 1227 
 0.1068 202 23 1228 
 0.10667 130 119 1229 
 0.10656 193 32 1230 
 0.10638 199 160 1231 
 0.10625 77 20 1232 
 0.10619 97 55 1233 
 0.10606 189 120 1234 
 0.10588 156 119 1235 
 0.10577 124 16 1236 
 0.10556 20 16 1237 
 0.10526 202 161 1238 
 0.10476 202 50 1239 
 0.10465 202 18 1240 
 0.10448 202 108 1241 
 0.10435 78 7 1242 
 0.10417 204 160 1243 
 0.10405 97 80 1244 
 0.104 34 29 1245 
 0.1039 182 103 1246 
 0.10377 186 151 1247 
 0.10345 202 82 1248 
 0.10309 55 25 1249 
 0.10303 204 97 1250 
 0.10294 160 103 1251 
 0.10286 97 65 1252 
 0.1028 125 30 1253 
 0.10256 189 29 1254 
 0.10227 83 77 1255 
 0.10204 193 151 1256 
 0.10185 196 78 1257 
 0.1018 33 30 1258 
 0.10169 163 94 1259 
 0.10156 62 32 1260 
 0.10145 202 93 1261 
 0.10127 179 160 1262 
 0.10112 74 20 1263 
 0.10101 203 81 1264 
 0.10092 196 151 1265 
 0.10084 100 24 1266 
 0.10056 97 82 1267 
 0.1 204 81 1268 
 0.09924 198 32 1269 
 0.0991 202 80 1270 
 0.09901 198 124 1271 
 0.0989 193 129 1272 
 0.09859 202 120 1273 
 0.09848 123 32 1274 
 0.09836 201 108 1275 
 0.09821 198 29 1276 
 0.09804 200 117 1277 
 0.09783 193 81 1278 
 0.09774 66 32 1279 
 0.09756 196 92 1280 
 0.09735 78 17 1281 
 0.09722 144 115 1282 
 0.09714 62 20 1283 
 0.09709 202 75 1284 
 0.09701 57 32 1285 
 0.09697 203 97 1286 
 0.09677 202 166 1287 
 0.09659 199 20 1288 
 0.09649 82 81 1289 
 0.09639 191 97 1290 
 0.0963 24 20 1291 
 0.09615 202 74 1292 
 0.09605 76 20 1293 
 0.09589 177 115 1294 
 0.09581 192 97 1295 
 0.09574 202 100 1296 
 0.09565 202 31 1297 
 0.09551 198 20 1298 
 0.09524 202 175 1299 
 0.09497 64 20 1300 
 0.09483 196 118 1301 
 0.09474 173 76 1302 
 0.09467 190 97 1303 
 0.09459 202 106 1304 
 0.09444 72 20 1305 
 0.09434 202 56 1306 
 0.09412 193 20 1307 
 0.09402 83 60 1308 
 0.09392 196 20 1309 
 0.09375 204 173 1310 
 0.09346 202 16 1311 
 0.09333 202 103 1312 
 0.09322 78 60 1313 
 0.09302 202 51 1314 
 0.09278 201 27 1315 
 0.09259 200 114 1316 
 0.09244 201 185 1317 
 0.09231 201 120 1318 
 0.09211 157 119 1319 
 0.09189 30 20 1320 
 0.09184 202 97 1321 
 0.09174 125 17 1322 
 0.09167 84 81 1323 
 0.0916 76 32 1324 
 0.09091 204 92 1325 
 0.09023 69 32 1326 
 0.09016 202 2 1327 
 0.09009 186 131 1328 
 0.09 201 56 1329 
 0.08989 203 20 1330 
 0.08982 97 21 1331 
 0.08974 28 18 1332 
 0.08955 129 111 1333 
 0.08943 202 84 1334 
 0.08939 204 20 1335 
 0.08929 199 118 1336 
 0.08911 203 124 1337 
 0.08904 196 105 1338 
 0.08889 192 20 1339 
 0.08871 185 125 1340 
 0.08861 179 173 1341 
 0.0885 203 118 1342 
 0.0884 107 97 1343 
 0.08824 204 124 1344 
 0.088 31 29 1345 
 0.08791 155 119 1346 
 0.08772 204 118 1347 
 0.0875 131 119 1348 
 0.08738 202 76 1349 
 0.08696 201 103 1350 
 0.08667 179 97 1351 
 0.08654 202 198 1352 
 0.08649 185 33 1353 
 0.08621 196 29 1354 
 0.08602 199 28 1355 
 0.08571 202 69 1356 
 0.08547 190 118 1357 
 0.08537 136 119 1358 
 0.08523 97 59 1359 
 0.08511 203 28 1360 
 0.08491 202 72 1361 
 0.08475 186 156 1362 
 0.08451 202 101 1363 
 0.08434 179 129 1364 
 0.08421 204 28 1365 
 0.08411 203 151 1366 
 0.08403 78 31 1367 
 0.08383 97 38 1368 
 0.08333 204 151 1369 
 0.08271 204 32 1370 
 0.08264 203 92 1371 
 0.08257 196 99 1372 
 0.08247 201 76 1373 
 0.08235 97 42 1374 
 0.08219 202 119 1375 
 0.08209 192 32 1376 
 0.08197 197 92 1377 
 0.08182 199 131 1378 
 0.08163 201 198 1379 
 0.0814 152 119 1380 
 0.0813 192 92 1381 
 0.08108 196 157 1382 
 0.08088 193 105 1383 
 0.08081 201 69 1384 
 0.08075 62 33 1385 
 0.08065 185 81 1386 
 0.08046 193 28 1387 
 0.08036 199 29 1388 
 0.08 203 129 1389 
 0.07965 203 29 1390 
 0.07937 195 105 1391 
 0.07927 33 21 1392 
 0.07921 204 129 1393 
 0.07895 204 29 1394 
 0.07879 33 26 1395 
 0.07874 127 27 1396 
 0.07865 201 100 1397 
 0.07843 195 122 1398 
 0.07831 97 62 1399 
 0.07826 192 29 1400 
 0.07812 167 7 1401 
 0.07792 157 115 1402 
 0.07784 196 33 1403 
 0.07778 189 33 1404 
 0.07767 200 186 1405 
 0.07759 179 32 1406 
 0.07752 127 1 1407 
 0.07746 186 120 1408 
 0.07738 97 76 1409 
 0.07692 203 138 1410 
 0.07647 97 74 1411 
 0.07639 203 105 1412 
 0.07634 127 16 1413 
 0.07627 167 27 1414 
 0.07619 204 138 1415 
 0.07609 199 102 1416 
 0.07602 97 72 1417 
 0.07595 131 101 1418 
 0.07586 204 105 1419 
 0.07576 158 108 1420 
 0.07558 97 68 1421 
 0.07547 201 17 1422 
 0.07534 192 105 1423 
 0.07527 203 102 1424 
 0.07514 97 16 1425 
 0.075 180 155 1426 
 0.07477 203 78 1427 
 0.07463 193 120 1428 
 0.07447 204 102 1429 
 0.07438 196 152 1430 
 0.07432 196 106 1431 
 0.07407 204 78 1432 
 0.07383 105 16 1433 
 0.07377 167 16 1434 
 0.07368 200 193 1435 
 0.07362 199 33 1436 
 0.07353 158 93 1437 
 0.07339 201 65 1438 
 0.07317 181 117 1439 
 0.07299 107 92 1440 
 0.07292 193 163 1441 
 0.07273 200 116 1442 
 0.07258 186 155 1443 
 0.07246 158 111 1444 
 0.07229 136 115 1445 
 0.07216 196 102 1446 
 0.07207 201 60 1447 
 0.072 100 32 1448 
 0.07186 66 33 1449 
 0.07143 204 85 1450 
 0.07092 199 120 1451 
 0.07087 196 155 1452 
 0.0708 204 131 1453 
 0.07071 193 135 1454 
 0.07059 195 193 1455 
 0.07042 186 111 1456 
 0.07031 204 127 1457 
 0.07018 195 108 1458 
 0.07006 193 33 1459 
 0.07 199 141 1460 
 0.06977 193 102 1461 
 0.06957 196 143 1462 
 0.06944 200 115 1463 
 0.06931 203 141 1464 
 0.06923 185 83 1465 
 0.06897 203 106 1466 
 0.06875 107 105 1467 
 0.0687 196 127 1468 
 0.06863 204 141 1469 
 0.06849 204 106 1470 
 0.06838 199 152 1471 
 0.06818 195 97 1472 
 0.06803 196 115 1473 
 0.06796 198 5 1474 
 0.0678 203 152 1475 
 0.06757 159 101 1476 
 0.06748 58 33 1477 
 0.06742 167 106 1478 
 0.06731 199 148 1479 
 0.06723 204 152 1480 
 0.06716 193 111 1481 
 0.06711 190 106 1482 
 0.06667 204 156 1483 
 0.06627 204 33 1484 
 0.06612 192 156 1485 
 0.06604 204 148 1486 
 0.06593 179 147 1487 
 0.06587 74 33 1488 
 0.06579 154 115 1489 
 0.06557 195 120 1490 
 0.06548 72 33 1491 
 0.06542 203 159 1492 
 0.06522 201 168 1493 
 0.06509 190 33 1494 
 0.06504 199 155 1495 
 0.06494 152 122 1496 
 0.06481 204 159 1497 
 0.06475 185 118 1498 
 0.06452 203 195 1499 
 0.06429 186 108 1500 
 0.06422 204 147 1501 
 0.0641 179 126 1502 
 0.064 155 27 1503 
 0.06383 204 195 1504 
 0.06369 105 7 1505 
 0.06364 204 157 1506 
 0.06349 181 106 1507 
 0.06338 186 93 1508 
 0.06329 126 77 1509 
 0.06316 203 48 1510 
 0.06306 204 112 1511 
 0.06299 92 57 1512 
 0.06294 203 120 1513 
 0.0625 204 120 1514 
 0.06207 196 93 1515 
 0.06202 198 127 1516 
 0.06195 203 140 1517 
 0.06186 199 85 1518 
 0.06173 179 137 1519 
 0.06164 196 101 1520 
 0.06154 196 110 1521 
 0.0614 204 140 1522 
 0.06122 203 85 1523 
 0.06107 199 94 1524 
 0.06098 168 32 1525 
 0.06087 204 95 1526 
 0.06081 196 119 1527 
 0.06061 202 172 1528 
 0.0604 179 33 1529 
 0.06034 196 4 1530 
 0.06024 203 33 1531 
 0.06015 185 151 1532 
 0.06 198 160 1533 
 0.05988 197 33 1534 
 0.05983 196 121 1535 
 0.0597 193 93 1536 
 0.0596 196 103 1537 
 0.05952 192 33 1538 
 0.05941 202 14 1539 
 0.05932 190 95 1540 
 0.05926 156 107 1541 
 0.05882 202 125 1542 
 0.05839 185 140 1543 
 0.05833 198 167 1544 
 0.05825 203 158 1545 
 0.05814 193 67 1546 
 0.05797 173 105 1547 
 0.05785 189 2 1548 
 0.05769 204 158 1549 
 0.05755 199 108 1550 
 0.05747 200 179 1551 
 0.05738 189 84 1552 
 0.05714 204 200 1553 
 0.05696 111 107 1554 
 0.05691 196 167 1555 
 0.05682 193 126 1556 
 0.05674 199 93 1557 
 0.0566 204 163 1558 
 0.05645 199 117 1559 
 0.05634 199 101 1560 
 0.05625 115 107 1561 
 0.05618 179 153 1562 
 0.05607 204 153 1563 
 0.056 203 155 1564 
 0.05594 203 111 1565 
 0.05556 204 169 1566 
 0.05517 203 115 1567 
 0.05512 199 116 1568 
 0.05505 203 139 1569 
 0.05495 193 137 1570 
 0.05479 204 115 1571 
 0.05469 186 110 1572 
 0.05455 204 139 1573 
 0.05442 199 103 1574 
 0.05435 199 89 1575 
 0.05426 204 116 1576 
 0.05405 203 150 1577 
 0.05385 196 146 1578 
 0.05376 203 89 1579 
 0.05369 190 115 1580 
 0.05357 204 150 1581 
 0.05344 167 45 1582 
 0.05333 115 16 1583 
 0.05319 204 89 1584 
 0.0531 203 143 1585 
 0.05303 196 116 1586 
 0.05298 106 57 1587 
 0.05263 204 143 1588 
 0.05224 204 94 1589 
 0.05217 204 121 1590 
 0.05208 203 126 1591 
 0.05195 85 25 1592 
 0.05185 192 94 1593 
 0.05172 203 136 1594 
 0.05161 105 30 1595 
 0.05155 204 126 1596 
 0.05128 204 136 1597 
 0.05109 190 94 1598 
 0.05102 203 87 1599 
 0.05096 105 59 1600 
 0.05085 195 185 1601 
 0.05072 193 119 1602 
 0.05063 107 93 1603 
 0.05051 204 87 1604 
 0.05042 199 167 1605 
 0.05036 196 122 1606 
 0.05031 107 101 1607 
 0.05 204 137 1608 
 0.04969 119 107 1609 
 0.04965 203 108 1610 
 0.04959 198 152 1611 
 0.0495 192 137 1612 
 0.04938 127 114 1613 
 0.0493 204 108 1614 
 0.04918 198 156 1615 
 0.04908 97 33 1616 
 0.04902 196 87 1617 
 0.04895 203 93 1618 
 0.04878 195 55 1619 
 0.04861 204 93 1620 
 0.04854 199 5 1621 
 0.04839 183 111 1622 
 0.04828 204 101 1623 
 0.04819 125 25 1624 
 0.04808 203 5 1625 
 0.048 168 27 1626 
 0.04795 203 119 1627 
 0.04762 204 119 1628 
 0.04734 185 120 1629 
 0.0473 192 119 1630 
 0.04724 204 117 1631 
 0.04717 200 27 1632 
 0.04706 202 25 1633 
 0.04698 203 103 1634 
 0.04688 204 146 1635 
 0.04673 176 74 1636 
 0.04667 204 103 1637 
 0.04651 204 110 1638 
 0.04636 192 103 1639 
 0.0463 198 148 1640 
 0.04615 197 116 1641 
 0.04605 106 68 1642 
 0.04598 179 5 1643 
 0.04587 196 176 1644 
 0.0458 192 116 1645 
 0.04575 190 103 1646 
 0.04545 202 187 1647 
 0.04511 190 116 1648 
 0.04505 198 147 1649 
 0.04494 176 77 1650 
 0.04487 111 65 1651 
 0.04478 185 147 1652 
 0.04464 198 157 1653 
 0.04459 105 17 1654 
 0.04444 187 127 1655 
 0.0443 115 7 1656 
 0.04425 198 112 1657 
 0.04412 203 122 1658 
 0.04396 183 97 1659 
 0.04386 203 4 1660 
 0.0438 204 122 1661 
 0.04375 106 65 1662 
 0.04348 204 4 1663 
 0.04321 105 60 1664 
 0.04317 118 84 1665 
 0.0431 198 140 1666 
 0.04301 199 181 1667 
 0.04286 190 122 1668 
 0.04274 200 65 1669 
 0.04268 105 82 1670 
 0.04255 201 55 1671 
 0.04242 100 97 1672 
 0.04237 190 4 1673 
 0.04225 140 24 1674 
 0.04211 199 183 1675 
 0.04202 193 91 1676 
 0.04196 146 107 1677 
 0.04167 201 14 1678 
 0.04142 185 111 1679 
 0.04138 185 167 1680 
 0.04132 203 167 1681 
 0.04124 204 183 1682 
 0.0411 198 111 1683 
 0.04098 204 167 1684 
 0.04094 185 115 1685 
 0.04082 193 176 1686 
 0.04065 192 167 1687 
 0.04054 198 115 1688 
 0.04046 185 106 1689 
 0.0404 183 1 1690 
 0.04032 199 168 1691 
 0.04027 120 72 1692 
 0.04 200 28 1693 
 0.03974 185 155 1694 
 0.03968 198 168 1695 
 0.0396 183 16 1696 
 0.03947 187 179 1697 
 0.03937 168 69 1698 
 0.03922 195 24 1699 
 0.03906 198 155 1700 
 0.03896 187 77 1701 
 0.03883 199 171 1702 
 0.03876 196 168 1703 
 0.03871 185 127 1704 
 0.03846 202 48 1705 
 0.03822 106 30 1706 
 0.03817 185 163 1707 
 0.0381 203 172 1708 
 0.03797 201 25 1709 
 0.03788 185 153 1710 
 0.03774 204 172 1711 
 0.03759 185 149 1712 
 0.0375 146 127 1713 
 0.03738 200 198 1714 
 0.03731 168 17 1715 
 0.03704 201 165 1716 
 0.03681 105 31 1717 
 0.03676 198 94 1718 
 0.0367 201 20 1719 
 0.03659 166 25 1720 
 0.0365 185 150 1721 
 0.03636 200 57 1722 
 0.03623 115 33 1723 
 0.03614 168 122 1724 
 0.03604 200 16 1725 
 0.03597 185 143 1726 
 0.03593 185 108 1727 
 0.03571 198 139 1728 
 0.0355 185 93 1729 
 0.03546 168 107 1730 
 0.0354 196 177 1731 
 0.03529 185 101 1732 
 0.03521 185 136 1733 
 0.03509 201 24 1734 
 0.03488 193 187 1735 
 0.03478 176 17 1736 
 0.03472 198 108 1737 
 0.03448 202 128 1738 
 0.03429 185 103 1739 
 0.03425 198 93 1740 
 0.03419 198 121 1741 
 0.03409 179 172 1742 
 0.03401 198 101 1743 
 0.0339 200 7 1744 
 0.03378 115 76 1745 
 0.03371 168 108 1746 
 0.03361 198 136 1747 
 0.03356 198 119 1748 
 0.03333 187 140 1749 
 0.03311 119 42 1750 
 0.03306 172 107 1751 
 0.03297 174 77 1752 
 0.03289 198 103 1753 
 0.03279 180 120 1754 
 0.03268 185 146 1755 
 0.03261 201 33 1756 
 0.03252 147 45 1757 
 0.03247 185 110 1758 
 0.03226 199 187 1759 
 0.03205 115 30 1760 
 0.032 147 60 1761 
 0.03191 203 187 1762 
 0.03185 120 80 1763 
 0.03175 203 168 1764 
 0.03165 115 59 1765 
 0.03158 204 187 1766 
 0.0315 204 168 1767 
 0.03145 106 17 1768 
 0.03125 204 181 1769 
 0.03106 120 31 1770 
 0.03101 198 91 1771 
 0.03093 204 67 1772 
 0.03086 185 122 1773 
 0.03077 190 168 1774 
 0.03061 198 183 1775 
 0.03053 198 110 1776 
 0.03049 106 60 1777 
 0.0303 201 182 1778 
 0.03012 106 82 1779 
 0.03008 146 56 1780 
 0.03 195 68 1781 
 0.02985 173 111 1782 
 0.02976 120 2 1783 
 0.0297 195 16 1784 
 0.02963 156 45 1785 
 0.02959 120 84 1786 
 0.02941 198 128 1787 
 0.0292 156 60 1788 
 0.02913 199 22 1789 
 0.02899 155 59 1790 
 0.02885 203 22 1791 
 0.02878 156 82 1792 
 0.02857 204 22 1793 
 0.02837 146 7 1794 
 0.0283 204 171 1795 
 0.02817 171 101 1796 
 0.02804 204 3 1797 
 0.02797 152 2 1798 
 0.02778 204 176 1799 
 0.02759 108 79 1800 
 0.02752 200 74 1801 
 0.0274 166 115 1802 
 0.02727 200 72 1803 
 0.02721 119 62 1804 
 0.02703 200 68 1805 
 0.02685 119 76 1806 
 0.02679 196 174 1807 
 0.02667 179 161 1808 
 0.02655 186 182 1809 
 0.02649 185 168 1810 
 0.02632 195 167 1811 
 0.02614 119 68 1812 
 0.02609 200 30 1813 
 0.02597 179 175 1814 
 0.02586 200 17 1815 
 0.02581 103 72 1816 
 0.02564 200 59 1817 
 0.02548 119 30 1818 
 0.02542 195 84 1819 
 0.02532 181 77 1820 
 0.02521 200 45 1821 
 0.02516 119 59 1822 
 0.025 202 182 1823 
 0.02484 119 65 1824 
 0.02479 200 60 1825 
 0.02469 183 18 1826 
 0.02459 177 45 1827 
 0.02454 115 60 1828 
 0.02439 200 82 1829 
 0.02424 115 82 1830 
 0.02419 182 65 1831 
 0.0241 171 25 1832 
 0.024 154 31 1833 
 0.02381 195 168 1834 
 0.02367 111 84 1835 
 0.02362 170 84 1836 
 0.02353 193 161 1837 
 0.02344 182 107 1838 
 0.02339 115 84 1839 
 0.02326 187 100 1840 
 0.02312 106 84 1841 
 0.02308 198 117 1842 
 0.02299 195 33 1843 
 0.0229 198 146 1844 
 0.02273 200 51 1845 
 0.02256 198 116 1846 
 0.02247 183 100 1847 
 0.02239 157 2 1848 
 0.02222 193 183 1849 
 0.02206 116 68 1850 
 0.02198 200 77 1851 
 0.0219 122 62 1852 
 0.02174 199 161 1853 
 0.02162 97 20 1854 
 0.02158 155 80 1855 
 0.02151 203 161 1856 
 0.02143 198 122 1857 
 0.02128 204 161 1858 
 0.02113 122 72 1859 
 0.02105 203 175 1860 
 0.02098 155 31 1861 
 0.02083 204 175 1862 
 0.02069 156 2 1863 
 0.02062 198 89 1864 
 0.02055 156 84 1865 
 0.02041 200 33 1866 
 0.0202 196 175 1867 
 0.02013 122 59 1868 
 0.02 187 94 1869 
 0.01987 155 84 1870 
 0.0198 199 128 1871 
 0.01961 203 128 1872 
 0.01942 204 128 1873 
 0.01935 108 80 1874 
 0.01923 192 128 1875 
 0.01911 101 17 1876 
 0.01905 195 20 1877 
 0.01899 101 80 1878 
 0.01887 200 168 1879 
 0.01875 119 80 1880 
 0.01869 203 165 1881 
 0.01863 93 31 1882 
 0.01852 204 165 1883 
 0.0184 103 80 1884 
 0.01835 203 174 1885 
 0.01829 119 60 1886 
 0.01818 204 174 1887 
 0.01807 119 82 1888 
 0.01802 203 177 1889 
 0.01796 108 84 1890 
 0.01786 204 177 1891 
 0.01775 101 2 1892 
 0.0177 192 177 1893 
 0.01765 101 84 1894 
 0.01754 198 182 1895 
 0.01744 119 84 1896 
 0.01739 190 177 1897 
 0.01724 187 108 1898 
 0.01714 103 84 1899 
 0.01709 182 57 1900 
 0.01695 200 80 1901 
 0.01681 174 80 1902 
 0.01667 187 93 1903 
 0.01653 185 181 1904 
 0.01639 200 31 1905 
 0.01626 174 31 1906 
 0.01613 187 120 1907 
 0.016 177 31 1908 
 0.01587 200 24 1909 
 0.01575 185 128 1910 
 0.01562 172 122 1911 
 0.0155 200 2 1912 
 0.01538 200 84 1913 
 0.01527 185 170 1914 
 0.01515 187 103 1915 
 0.01504 185 176 1916 
 0.01493 146 51 1917 
 0.01481 139 84 1918 
 0.01471 182 24 1919 
 0.0146 150 84 1920 
 0.01449 155 20 1921 
 0.01439 146 20 1922 
 0.01429 182 122 1923 
 0.01418 146 80 1924 
 0.01408 136 84 1925 
 0.01399 146 65 1926 
 0.01389 143 24 1927 
 0.01379 146 60 1928 
 0.0137 187 25 1929 
 0.01361 146 82 1930 
 0.01351 181 25 1931 
 0.01342 122 17 1932 
 0.01333 136 24 1933 
 0.01325 117 2 1934 
 0.01316 183 25 1935 
 0.01307 146 84 1936 
 0.01299 122 60 1937 
 0.0129 116 84 1938 
 0.01282 180 179 1939 
 0.01274 111 20 1940 
 0.01266 180 77 1941 
 0.01258 119 20 1942 
 0.0125 156 24 1943 
 0.01242 122 2 1944 
 0.01235 183 179 1945 
 0.0122 183 77 1946 
 0.0119 161 33 1947 
 0.01176 158 25 1948 
 0.01163 200 25 1949 
 0.01149 175 100 1950 
 0.01136 153 25 1951 
 0.01124 149 25 1952 
 0.01111 179 165 1953 
 0.01099 187 14 1954 
 0.01087 181 14 1955 
 0.01075 150 25 1956 
 0.01064 183 14 1957 
 0.01053 199 180 1958 
 0.01042 203 180 1959 
 0.01031 204 180 1960 
 0.0102 192 180 1961 
 0.0101 180 72 1962 
 0.01 196 180 1963 
 0.0099 180 16 1964 
 0.0098 161 20 1965 
 0.00971 158 14 1966 
 0.00962 200 14 1967 
 0.00952 180 17 1968 
 0.00943 180 80 1969 
 0.00935 183 20 1970 
 0.00926 180 65 1971 
 0.00917 183 80 1972 
 0.00909 180 60 1973 
 0.00901 150 14 1974 
 0.00893 182 62 1975 
 0.00885 183 31 1976 
 0.00877 203 182 1977 
 0.0087 204 182 1978 
 0.00862 192 182 1979 
 0.00855 200 20 1980 
 0.00847 190 182 1981 
 0.0084 153 20 1982 
 0.00833 183 2 1983 
 0.00826 185 180 1984 
 0.0082 182 30 1985 
 0.00813 182 17 1986 
 0.00806 185 183 1987 
 0.00794 182 45 1988 
 0.00787 140 20 1989 
 0.00781 182 60 1990 
 0.00769 182 82 1991 
 0.00752 185 165 1992 
 0.00741 185 174 1993 
 0.00735 182 84 1994 
 0.0073 185 177 1995 
 0.00719 185 182 1996 
 0.0 201 180 1997 
 